subject_id,channel_index,channel_name,mean_abs_weight,std_abs_weight,mean_signed_weight,mean_l2_weight,n_fold_values,mean_collapse_ratio,collapse_rate,mean_spatial_relative_delta
1,16,T4,0.13582129199999998,0.02033489940063314,0.0021186499999999997,0.159366478,5,0.75,0.4,0.39961948999999997
1,13,C3,0.129910132,0.03105067559903923,0.048448168,0.139486852,5,0.75,0.4,0.39961948999999997
1,27,O1,0.129102488,0.00976764405053849,0.071048788,0.14100378,5,0.75,0.4,0.39961948999999997
1,15,T3,0.12699997999999998,0.005046214239655319,0.101135964,0.139647408,5,0.75,0.4,0.39961948999999997
1,28,O2,0.121610678,0.037154249223632814,-0.00757796,0.124822494,5,0.75,0.4,0.39961948999999997
1,7,FCz,0.117541166,0.027984355791701367,0.091686308,0.13981649000000002,5,0.75,0.4,0.39961948999999997
1,21,Pz,0.114613156,0.053267137324873474,0.013658970000000001,0.119697038,5,0.75,0.4,0.39961948999999997
1,18,CP4,0.111233646,0.03515187029655649,0.039633110000000006,0.12661424000000002,5,0.75,0.4,0.39961948999999997
1,17,CP3,0.110339586,0.015218375962959394,0.009364086,0.128165672,5,0.75,0.4,0.39961948999999997
1,2,Fz,0.10915866199999999,0.007760063715947829,-0.07133429399999999,0.12499089199999999,5,0.75,0.4,0.39961948999999997
1,24,T5,0.10689289399999999,0.0181732124573706,0.04919284,0.11556323399999999,5,0.75,0.4,0.39961948999999997
1,0,Fp1,0.10244835999999999,0.011855546551275062,-0.08084622,0.117809634,5,0.75,0.4,0.39961948999999997
1,4,F4,0.099901584,0.037594603358279764,0.023098766,0.11199585000000001,5,0.75,0.4,0.39961948999999997
1,22,P3,0.09667326400000001,0.021908783976371898,0.095601366,0.110441508,5,0.75,0.4,0.39961948999999997
1,23,P4,0.093406292,0.01805135848487504,-0.072432364,0.10791007400000001,5,0.75,0.4,0.39961948999999997
1,20,TP8,0.09304526199999999,0.011071308764496638,-0.030102506,0.10859520200000002,5,0.75,0.4,0.39961948999999997
1,10,FT7,0.09223089,0.024796256292146192,-0.011935527999999999,0.108118446,5,0.75,0.4,0.39961948999999997
1,19,TP7,0.08925854200000001,0.04131872147731486,-0.04971951,0.10416109200000001,5,0.75,0.4,0.39961948999999997
1,14,C4,0.089101228,0.01353706901991232,-0.051070295999999994,0.109637976,5,0.75,0.4,0.39961948999999997
1,9,FC4,0.084241096,0.03789848455595197,-0.05432146,0.10409579399999999,5,0.75,0.4,0.39961948999999997
1,5,F7,0.07791035399999999,0.00909951236912616,0.05934448400000001,0.086863202,5,0.75,0.4,0.39961948999999997
1,25,T6,0.076827914,0.005837392459020555,-0.061515368,0.08866534400000001,5,0.75,0.4,0.39961948999999997
1,3,F3,0.075590236,0.017271772536357696,0.0076598019999999985,0.08229887,5,0.75,0.4,0.39961948999999997
1,12,Cz,0.07482981799999999,0.018812870260615996,0.062199426,0.085897638,5,0.75,0.4,0.39961948999999997
1,26,Oz,0.072075628,0.015600576034538596,0.022346826,0.078061542,5,0.75,0.4,0.39961948999999997
1,6,F8,0.07079709,0.010860424245682117,-0.01458769,0.076612214,5,0.75,0.4,0.39961948999999997
1,1,Fp2,0.068893158,0.014808649542214171,0.054836166000000006,0.08324098399999999,5,0.75,0.4,0.39961948999999997
1,11,FT8,0.06652433799999999,0.019903695214696187,0.0009740600000000002,0.08227575000000001,5,0.75,0.4,0.39961948999999997
1,8,FC3,0.061495848,0.04371642725873902,-0.005349387999999999,0.071413494,5,0.75,0.4,0.39961948999999997
10,17,CP3,0.12822091800000002,0.028890718979904605,0.03427785,0.149565738,5,0.825,0.4,0.356549632
10,15,T3,0.12517788400000002,0.01590004527225253,0.12158635200000001,0.13732189,5,0.825,0.4,0.356549632
10,21,Pz,0.12482199000000001,0.03756027094315281,0.023749148,0.13516911999999998,5,0.825,0.4,0.356549632
10,13,C3,0.119936346,0.019189096389276118,0.09024229399999999,0.13280882,5,0.825,0.4,0.356549632
10,27,O1,0.117159046,0.006654113071088439,0.026099212,0.131792726,5,0.825,0.4,0.356549632
10,28,O2,0.114364094,0.04151548325053835,-0.016554004,0.119358718,5,0.825,0.4,0.356549632
10,16,T4,0.11180698,0.019516088718202478,0.016939582,0.12639502600000002,5,0.825,0.4,0.356549632
10,22,P3,0.111477114,0.005122404854565879,0.109851276,0.126885292,5,0.825,0.4,0.356549632
10,0,Fp1,0.10495716,0.013062741776556712,-0.092861936,0.11722953,5,0.825,0.4,0.356549632
10,4,F4,0.103424632,0.016479061770715887,-0.032018451999999996,0.125493684,5,0.825,0.4,0.356549632
10,14,C4,0.102809616,0.03696184133634146,-0.091466828,0.118485128,5,0.825,0.4,0.356549632
10,24,T5,0.102683712,0.0075721876472734095,0.044402368,0.12035595400000001,5,0.825,0.4,0.356549632
10,10,FT7,0.10155389,0.027897910113548825,-0.06239927199999999,0.111438236,5,0.825,0.4,0.356549632
10,18,CP4,0.098723808,0.023847448299276593,0.022291428000000002,0.11827723000000001,5,0.825,0.4,0.356549632
10,7,FCz,0.09864004800000001,0.031307722235848934,0.089272156,0.11820188400000001,5,0.825,0.4,0.356549632
10,2,Fz,0.093938478,0.022548937974074743,-0.09037168799999999,0.104676666,5,0.825,0.4,0.356549632
10,23,P4,0.09188869,0.018422352261341386,-0.07568025199999999,0.104851158,5,0.825,0.4,0.356549632
10,3,F3,0.08921620599999999,0.011655414683443487,0.032717468,0.09918326800000002,5,0.825,0.4,0.356549632
10,5,F7,0.087928296,0.004786189286230751,0.08204760400000001,0.099356234,5,0.825,0.4,0.356549632
10,9,FC4,0.084829002,0.03828006334096732,-0.073424398,0.107798386,5,0.825,0.4,0.356549632
10,6,F8,0.083091946,0.015382712504409944,0.013572589999999999,0.101590526,5,0.825,0.4,0.356549632
10,19,TP7,0.08063036,0.010800288988941451,-0.024493346,0.090517864,5,0.825,0.4,0.356549632
10,12,Cz,0.08023988600000001,0.01618006764848436,0.026161962,0.09242901,5,0.825,0.4,0.356549632
10,26,Oz,0.07755266,0.004655431566337322,0.044424982,0.086113114,5,0.825,0.4,0.356549632
10,11,FT8,0.07733209599999999,0.014413440883095197,-0.0003740800000000005,0.091411202,5,0.825,0.4,0.356549632
10,20,TP8,0.075521632,0.018309619876815304,-0.035148694,0.091963758,5,0.825,0.4,0.356549632
10,25,T6,0.075065588,0.012364383557861671,-0.020213522,0.09543789,5,0.825,0.4,0.356549632
10,1,Fp2,0.07267045600000001,0.009790131831509218,0.056999824,0.086847624,5,0.825,0.4,0.356549632
10,8,FC3,0.056961598,0.03571518252647213,-0.009851298,0.065541688,5,0.825,0.4,0.356549632
11,21,Pz,0.15780457,0.010404917684825772,0.005478174000000001,0.15867783,5,0.95,0.8,0.11552604600000001
11,28,O2,0.1435252,0.0008627186315363778,-0.028923046,0.147945246,5,0.95,0.8,0.11552604600000001
11,17,CP3,0.130836678,0.02090907275640099,0.038951882,0.149303172,5,0.95,0.8,0.11552604600000001
11,13,C3,0.123034562,0.018078111111015437,0.057727874,0.127091178,5,0.95,0.8,0.11552604600000001
11,16,T4,0.122171016,0.00022526876798615507,0.007316982000000001,0.137277822,5,0.95,0.8,0.11552604600000001
11,15,T3,0.118334524,0.018985998469135883,0.11636537200000001,0.125498632,5,0.95,0.8,0.11552604600000001
11,27,O1,0.111337412,0.02390127664510141,0.051199813999999996,0.12165943399999998,5,0.95,0.8,0.11552604600000001
11,18,CP4,0.10999604600000001,0.0012560860175083565,0.042545664000000004,0.127233252,5,0.95,0.8,0.11552604600000001
11,2,Fz,0.10577086399999999,0.004350749466888434,-0.101036054,0.119938944,5,0.95,0.8,0.11552604600000001
11,23,P4,0.103632438,0.002999724805564672,-0.08361275,0.11386935000000001,5,0.95,0.8,0.11552604600000001
11,24,T5,0.101128782,0.00773172913303163,0.073343348,0.11140893199999999,5,0.95,0.8,0.11552604600000001
11,0,Fp1,0.10063457,0.020572308062750275,-0.084504728,0.113889932,5,0.95,0.8,0.11552604600000001
11,22,P3,0.096013186,0.026776266324236284,0.092932284,0.106216664,5,0.95,0.8,0.11552604600000001
11,4,F4,0.09527459,0.00396543536662748,0.010462452,0.106903208,5,0.95,0.8,0.11552604600000001
11,7,FCz,0.094247912,0.010542217297531388,0.094247912,0.10642605000000001,5,0.95,0.8,0.11552604600000001
11,19,TP7,0.093237646,0.019349853076161324,-0.017447452,0.102758236,5,0.95,0.8,0.11552604600000001
11,11,FT8,0.08919639,0.019983892257584606,0.0108347,0.107274168,5,0.95,0.8,0.11552604600000001
11,3,F3,0.08632694599999999,0.0023071834404268772,0.02693004,0.093767032,5,0.95,0.8,0.11552604600000001
11,20,TP8,0.086152116,0.007815044422994667,-0.056358838,0.105052748,5,0.95,0.8,0.11552604600000001
11,10,FT7,0.08420122599999999,0.013537916672995885,-0.05003704,0.096144858,5,0.95,0.8,0.11552604600000001
11,14,C4,0.083117552,0.005680303229583786,-0.06360510999999999,0.09464967799999999,5,0.95,0.8,0.11552604600000001
11,6,F8,0.082713438,0.012802606117903105,-0.03519002,0.08413373399999999,5,0.95,0.8,0.11552604600000001
11,5,F7,0.078686386,0.012141118785236805,0.07630944399999999,0.09354587,5,0.95,0.8,0.11552604600000001
11,1,Fp2,0.07737693999999999,0.0007997551673168471,0.057733338,0.09414294999999999,5,0.95,0.8,0.11552604600000001
11,12,Cz,0.077174564,0.001118764281330079,0.076422086,0.09133643,5,0.95,0.8,0.11552604600000001
11,26,Oz,0.074950846,0.005577698175787209,0.0337583,0.07946244799999999,5,0.95,0.8,0.11552604600000001
11,25,T6,0.074817164,0.015350280598902094,-0.05208014000000001,0.085040978,5,0.95,0.8,0.11552604600000001
11,9,FC4,0.054768121999999995,0.00703849263222034,-0.05129821999999999,0.074588624,5,0.95,0.8,0.11552604600000001
11,8,FC3,0.03835207,0.01626237909706326,-0.006524687999999998,0.047154544,5,0.95,0.8,0.11552604600000001
12,21,Pz,0.153466184,0.00014164979819964946,0.0065549679999999996,0.15364433800000002,5,0.95,0.6,0.007681782
12,28,O2,0.14380670199999998,0.0002127767056564241,-0.024209338,0.146662518,5,0.95,0.6,0.007681782
12,15,T3,0.12629288,0.0002772054884016569,0.12629288,0.13162258200000002,5,0.95,0.6,0.007681782
12,16,T4,0.122188084,0.0003890654228789827,0.013303038,0.134734826,5,0.95,0.6,0.007681782
12,27,O1,0.12169350999999999,0.00029873287130812733,0.055943085999999996,0.132278718,5,0.95,0.6,0.007681782
12,17,CP3,0.12150723000000001,0.0002947257466696815,0.03292421,0.139903112,5,0.95,0.6,0.007681782
12,13,C3,0.11504809,0.0004956854890452172,0.072382582,0.11719015800000002,5,0.95,0.6,0.007681782
12,18,CP4,0.11110199400000001,0.000155500340610556,0.034802742,0.12766920399999998,5,0.95,0.6,0.007681782
12,0,Fp1,0.10940702399999999,0.000127392710662738,-0.095573288,0.12209546200000002,5,0.95,0.6,0.007681782
12,22,P3,0.108138778,0.0003432925262367361,0.108138778,0.11723070399999999,5,0.95,0.6,0.007681782
12,23,P4,0.104607388,0.0006692728265587925,-0.092702628,0.116552242,5,0.95,0.6,0.007681782
12,24,T5,0.104456348,0.00040820049512464186,0.07308549,0.11373096600000002,5,0.95,0.6,0.007681782
12,2,Fz,0.10420718600000001,0.0003170697147789395,-0.09806418800000001,0.11741784200000001,5,0.95,0.6,0.007681782
12,7,FCz,0.099493318,0.00021852431596964083,0.099493318,0.11458231599999999,5,0.95,0.6,0.007681782
12,4,F4,0.097389722,0.0001789325476820829,0.012290168,0.10772079999999999,5,0.95,0.6,0.007681782
12,10,FT7,0.090252256,0.00017335114631868276,-0.058292604000000005,0.10387688399999999,5,0.95,0.6,0.007681782
12,20,TP8,0.089600552,0.000407589852879091,-0.05934399,0.108654446,5,0.95,0.6,0.007681782
12,3,F3,0.087655834,0.00016320744125192414,0.027572957999999998,0.094567646,5,0.95,0.6,0.007681782
12,14,C4,0.08620809,0.0001524496859622869,-0.075115262,0.09650072,5,0.95,0.6,0.007681782
12,19,TP7,0.084869078,0.0003260363930146444,-0.018959942,0.0946713,5,0.95,0.6,0.007681782
12,5,F7,0.083594612,0.00043246692523243765,0.08134912,0.097243066,5,0.95,0.6,0.007681782
12,25,T6,0.08115014000000001,0.00033503288174446295,-0.062588112,0.092575876,5,0.95,0.6,0.007681782
12,11,FT8,0.07960257,0.0004018481688399249,-0.0028251580000000004,0.096912186,5,0.95,0.6,0.007681782
12,1,Fp2,0.078403478,0.00027191425278936426,0.061782564,0.09588477399999999,5,0.95,0.6,0.007681782
12,6,F8,0.07756122,0.00033525493971007196,-0.029122167999999997,0.078571002,5,0.95,0.6,0.007681782
12,12,Cz,0.07705074199999999,0.0003414188844659854,0.07613082,0.09275193000000001,5,0.95,0.6,0.007681782
12,26,Oz,0.076946616,0.0003269629069634622,0.041857358,0.079360236,5,0.95,0.6,0.007681782
12,9,FC4,0.057225411999999996,0.000385998180721101,-0.057225411999999996,0.07568920999999999,5,0.95,0.6,0.007681782
12,8,FC3,0.031249212,0.0003583979857225762,0.005926228,0.037955146,5,0.95,0.6,0.007681782
13,21,Pz,0.165911104,0.017439018748461165,-0.00867878,0.16762179000000002,5,0.725,0.2,0.303565012
13,27,O1,0.136506518,0.010828472424763801,0.06116594399999999,0.143024016,5,0.725,0.2,0.303565012
13,23,P4,0.130998556,0.02757338923494589,-0.109555518,0.14335968999999998,5,0.725,0.2,0.303565012
13,28,O2,0.130697164,0.017808250052663236,-0.0024265939999999985,0.13476074600000001,5,0.725,0.2,0.303565012
13,15,T3,0.12458335599999999,0.01593939902436193,0.113276716,0.136744312,5,0.725,0.2,0.303565012
13,24,T5,0.12045768999999999,0.01266552627389207,0.077998124,0.13160521,5,0.725,0.2,0.303565012
13,16,T4,0.11414636200000002,0.01772917359344395,0.014410804,0.131619446,5,0.725,0.2,0.303565012
13,2,Fz,0.11187034,0.007383326264987214,-0.10685257,0.131980182,5,0.725,0.2,0.303565012
13,18,CP4,0.111689434,0.00982342466477094,0.018089215999999998,0.137097988,5,0.725,0.2,0.303565012
13,13,C3,0.106202606,0.020509217662226423,0.039134468,0.11468804399999999,5,0.725,0.2,0.303565012
13,4,F4,0.105039128,0.01835811600662279,-0.010160888,0.12273448,5,0.725,0.2,0.303565012
13,20,TP8,0.10296687600000001,0.022466916259200557,-0.062525522,0.125352158,5,0.725,0.2,0.303565012
13,7,FCz,0.100829926,0.012917903413548964,0.082859412,0.116582292,5,0.725,0.2,0.303565012
13,17,CP3,0.099946778,0.02010539121096429,0.03137001,0.11794101800000001,5,0.725,0.2,0.303565012
13,14,C4,0.099908896,0.01352213162922289,-0.088355584,0.11941782999999999,5,0.725,0.2,0.303565012
13,0,Fp1,0.098011374,0.016248937206239975,-0.07298349200000001,0.11236495799999999,5,0.725,0.2,0.303565012
13,26,Oz,0.09162756400000001,0.01255657507264341,0.05715714400000001,0.09901819599999999,5,0.725,0.2,0.303565012
13,25,T6,0.090300174,0.022534383799496932,-0.071864226,0.104995502,5,0.725,0.2,0.303565012
13,3,F3,0.089461792,0.010623158444482035,0.0022706780000000004,0.10331069799999999,5,0.725,0.2,0.303565012
13,22,P3,0.086080634,0.027237663411493834,0.080166648,0.096223164,5,0.725,0.2,0.303565012
13,12,Cz,0.08547378,0.015091619414464772,0.058826630000000005,0.097860268,5,0.725,0.2,0.303565012
13,10,FT7,0.083317244,0.013307588043164691,-0.064899636,0.09291743,5,0.725,0.2,0.303565012
13,9,FC4,0.08165998199999999,0.02369315361215282,-0.076033648,0.10251805,5,0.725,0.2,0.303565012
13,19,TP7,0.08116156,0.00909359575553587,-0.02797133,0.096403398,5,0.725,0.2,0.303565012
13,5,F7,0.07696946,0.009856353855693794,0.075663702,0.09119102800000001,5,0.725,0.2,0.303565012
13,6,F8,0.070045836,0.015830951889195737,-0.009170846,0.074483258,5,0.725,0.2,0.303565012
13,11,FT8,0.06985644399999999,0.010718208131419632,-0.004153993999999999,0.085233054,5,0.725,0.2,0.303565012
13,1,Fp2,0.067355294,0.01987558830072534,0.05994657799999999,0.083315262,5,0.725,0.2,0.303565012
13,8,FC3,0.043562866,0.02315589922716844,-0.027353025999999996,0.050075296000000005,5,0.725,0.2,0.303565012
14,17,CP3,0.129060764,0.010734457185085327,0.073977304,0.151679374,5,0.8,0.2,0.29293590799999997
14,15,T3,0.126501018,0.004036328982809759,0.126501018,0.134365544,5,0.8,0.2,0.29293590799999997
14,28,O2,0.123768298,0.02345650030382558,-0.014792598,0.132300076,5,0.8,0.2,0.29293590799999997
14,27,O1,0.11924663799999999,0.008047977309297658,0.028638471999999998,0.13121890600000002,5,0.8,0.2,0.29293590799999997
14,22,P3,0.117820118,0.02960640707256741,0.117820118,0.125693868,5,0.8,0.2,0.29293590799999997
14,21,Pz,0.11361227599999998,0.049354026927521624,-0.0004479059999999992,0.11696183599999999,5,0.8,0.2,0.29293590799999997
14,16,T4,0.110281276,0.01153539118105797,0.018195464,0.12261081599999998,5,0.8,0.2,0.29293590799999997
14,18,CP4,0.107258508,0.013257774636833662,0.035868674,0.124476246,5,0.8,0.2,0.29293590799999997
14,7,FCz,0.103820206,0.015349093038583091,0.103184058,0.11800439599999998,5,0.8,0.2,0.29293590799999997
14,13,C3,0.103806498,0.018080300447751694,0.07251579799999999,0.110600026,5,0.8,0.2,0.29293590799999997
14,23,P4,0.101516992,0.004936608903282701,-0.085940094,0.112834138,5,0.8,0.2,0.29293590799999997
14,11,FT8,0.099446436,0.020183667571288425,-0.032230624,0.111720628,5,0.8,0.2,0.29293590799999997
14,14,C4,0.09896858,0.02111641685702501,-0.076336208,0.11001785,5,0.8,0.2,0.29293590799999997
14,24,T5,0.098403392,0.00854968345507423,0.03274935599999999,0.10776693600000001,5,0.8,0.2,0.29293590799999997
14,0,Fp1,0.097270374,0.020207385799313082,-0.086281106,0.110579918,5,0.8,0.2,0.29293590799999997
14,19,TP7,0.096586838,0.023403183679645383,-0.041243124,0.11468042599999999,5,0.8,0.2,0.29293590799999997
14,5,F7,0.09520873599999999,0.012202271137219906,0.091904562,0.116936416,5,0.8,0.2,0.29293590799999997
14,3,F3,0.092951704,0.013621802441794551,0.036021902,0.099127652,5,0.8,0.2,0.29293590799999997
14,4,F4,0.09250844,0.00819932770955339,0.025309802,0.104463986,5,0.8,0.2,0.29293590799999997
14,10,FT7,0.089895308,0.015938901506603896,-0.066125232,0.10878378600000001,5,0.8,0.2,0.29293590799999997
14,26,Oz,0.089265686,0.014280528162968273,0.058077374,0.097402278,5,0.8,0.2,0.29293590799999997
14,2,Fz,0.087294624,0.016985915006373076,-0.080395136,0.09817636199999999,5,0.8,0.2,0.29293590799999997
14,20,TP8,0.084380856,0.010317404481076136,-0.061096074,0.100273926,5,0.8,0.2,0.29293590799999997
14,6,F8,0.07509529200000001,0.012955770899312402,-0.026001274,0.07957154,5,0.8,0.2,0.29293590799999997
14,25,T6,0.07436042400000001,0.012196508422318248,-0.051677748,0.08799947999999999,5,0.8,0.2,0.29293590799999997
14,12,Cz,0.07407313200000001,0.008265088096745853,0.062764062,0.091228478,5,0.8,0.2,0.29293590799999997
14,1,Fp2,0.069406492,0.014034219204179832,0.054530386,0.08321728,5,0.8,0.2,0.29293590799999997
14,9,FC4,0.059688058,0.008439741162388811,-0.051955523999999996,0.079440278,5,0.8,0.2,0.29293590799999997
14,8,FC3,0.049245836,0.017156390420838236,-0.011805566,0.056005738000000006,5,0.8,0.2,0.29293590799999997
15,21,Pz,0.146936388,0.03355925237546823,-0.020548617999999998,0.15515957,5,0.7,0.2,0.5136768820000001
15,28,O2,0.139748244,0.02958963714638167,-0.017188526000000003,0.149551194,5,0.7,0.2,0.5136768820000001
15,17,CP3,0.13048241,0.007623779179003027,0.037812071999999995,0.142106268,5,0.7,0.2,0.5136768820000001
15,13,C3,0.120428856,0.01265994457718832,0.108442148,0.13343655199999999,5,0.7,0.2,0.5136768820000001
15,15,T3,0.11443504,0.028875643626991233,0.102909768,0.13187469200000002,5,0.7,0.2,0.5136768820000001
15,16,T4,0.11071261000000002,0.0179176548474333,0.011355934,0.132856036,5,0.7,0.2,0.5136768820000001
15,20,TP8,0.105938962,0.023769628870309898,-0.091046512,0.132927446,5,0.7,0.2,0.5136768820000001
15,24,T5,0.103923404,0.02552787004094016,0.04940564200000001,0.116286004,5,0.7,0.2,0.5136768820000001
15,22,P3,0.103873968,0.02500245570089806,0.103873968,0.119722982,5,0.7,0.2,0.5136768820000001
15,3,F3,0.102671392,0.020524660347933165,-0.00047136199999999877,0.11751824799999999,5,0.7,0.2,0.5136768820000001
15,26,Oz,0.097397038,0.016355360381436722,0.034166088,0.104414382,5,0.7,0.2,0.5136768820000001
15,23,P4,0.096296418,0.021582157332530962,-0.0382943,0.10933010400000001,5,0.7,0.2,0.5136768820000001
15,4,F4,0.094654012,0.011989624466125703,0.02335623,0.105735642,5,0.7,0.2,0.5136768820000001
15,2,Fz,0.0940783,0.03523025722953283,-0.08827501200000001,0.1146288,5,0.7,0.2,0.5136768820000001
15,0,Fp1,0.09090399,0.02837170434578174,-0.08484206600000001,0.10618976399999999,5,0.7,0.2,0.5136768820000001
15,12,Cz,0.08498797,0.011214513192299077,0.06923975,0.0999445,5,0.7,0.2,0.5136768820000001
15,27,O1,0.082566714,0.021608267164586102,0.014014177999999999,0.09560711000000001,5,0.7,0.2,0.5136768820000001
15,10,FT7,0.080922338,0.013618920723294115,-0.061923986,0.098680854,5,0.7,0.2,0.5136768820000001
15,7,FCz,0.080335606,0.015914977467545468,0.067098596,0.09094283,5,0.7,0.2,0.5136768820000001
15,11,FT8,0.077338604,0.011596049545327065,0.04009178,0.088320586,5,0.7,0.2,0.5136768820000001
15,5,F7,0.07605622199999999,0.019430434831855147,0.07226032,0.089621642,5,0.7,0.2,0.5136768820000001
15,1,Fp2,0.07603557600000001,0.011137061261766052,0.013864078000000002,0.091275646,5,0.7,0.2,0.5136768820000001
15,25,T6,0.073870704,0.018376572539247626,-0.058708042,0.089090108,5,0.7,0.2,0.5136768820000001
15,19,TP7,0.072542242,0.014145325761348514,-0.02521312,0.089492446,5,0.7,0.2,0.5136768820000001
15,9,FC4,0.069223356,0.0246885147539768,-0.02334357,0.081889092,5,0.7,0.2,0.5136768820000001
15,18,CP4,0.068255244,0.025652300103769055,0.024179502,0.090192126,5,0.7,0.2,0.5136768820000001
15,14,C4,0.066775948,0.022654460019474534,-0.04932027,0.075976718,5,0.7,0.2,0.5136768820000001
15,8,FC3,0.066407288,0.024489073408467704,0.049707914,0.07503869599999999,5,0.7,0.2,0.5136768820000001
15,6,F8,0.059878280000000006,0.01939289767172895,-0.005989665999999999,0.067668884,5,0.7,0.2,0.5136768820000001
16,21,Pz,0.153072888,0.0007732980228669942,9.508999999999976e-05,0.153881826,5,0.95,0.8,0.154829296
16,28,O2,0.144768202,0.00103800385997356,-0.019389808,0.147059992,5,0.95,0.8,0.154829296
16,18,CP4,0.13040712399999999,0.04339200774732808,0.016624226,0.14702158,5,0.95,0.8,0.154829296
16,15,T3,0.1226448,0.009270741901452651,0.116209918,0.129641936,5,0.95,0.8,0.154829296
16,27,O1,0.121582526,0.0007896919889931771,0.063834312,0.135157714,5,0.95,0.8,0.154829296
16,17,CP3,0.115854542,0.011871393818076717,0.01697785,0.134779242,5,0.95,0.8,0.154829296
16,13,C3,0.11023556400000001,0.011285170591193118,0.075511744,0.11481111,5,0.95,0.8,0.154829296
16,16,T4,0.10765741,0.031239282752097558,0.020148376000000003,0.122591348,5,0.95,0.8,0.154829296
16,7,FCz,0.102558752,0.007138165317822918,0.102558752,0.11675225,5,0.95,0.8,0.154829296
16,23,P4,0.102072808,0.005420587816599779,-0.078476214,0.11213960599999999,5,0.95,0.8,0.154829296
16,0,Fp1,0.099759524,0.022825821009548157,-0.08746975800000001,0.11344042400000001,5,0.95,0.8,0.154829296
16,2,Fz,0.098260084,0.012814975299159965,-0.089382432,0.11270235399999999,5,0.95,0.8,0.154829296
16,22,P3,0.097662528,0.022774573090921374,0.096973322,0.10767747999999999,5,0.95,0.8,0.154829296
16,19,TP7,0.09529116800000001,0.025035959607350187,-0.025307476000000002,0.10633594799999999,5,0.95,0.8,0.154829296
16,3,F3,0.094749672,0.015445763484709,0.0026504419999999985,0.102368498,5,0.95,0.8,0.154829296
16,24,T5,0.093356068,0.026440410544585347,0.066114688,0.10155828200000001,5,0.95,0.8,0.154829296
16,4,F4,0.09276682,0.010371004064537337,0.0017251520000000006,0.106629204,5,0.95,0.8,0.154829296
16,11,FT8,0.090124278,0.02250105536864593,0.010496565999999999,0.104605338,5,0.95,0.8,0.154829296
16,20,TP8,0.088288806,0.001432591652506045,-0.049784434,0.10858531600000002,5,0.95,0.8,0.154829296
16,10,FT7,0.084618126,0.012558936255584312,-0.041927382,0.101576262,5,0.95,0.8,0.154829296
16,14,C4,0.084193194,0.0030828037180917,-0.069821798,0.093875348,5,0.95,0.8,0.154829296
16,26,Oz,0.081996398,0.00881240875329328,0.04477275,0.086151772,5,0.95,0.8,0.154829296
16,12,Cz,0.080105678,0.006213020487003082,0.079054254,0.09450858799999999,5,0.95,0.8,0.154829296
16,5,F7,0.07879436,0.011387669563178856,0.071195392,0.092691454,5,0.95,0.8,0.154829296
16,25,T6,0.077574006,0.008528541698469326,-0.061131264,0.090730778,5,0.95,0.8,0.154829296
16,6,F8,0.07675289199999999,0.001656020140176444,-0.008337966000000002,0.080129376,5,0.95,0.8,0.154829296
16,1,Fp2,0.075177756,0.0055552214179976685,0.043551378,0.09082337,5,0.95,0.8,0.154829296
16,9,FC4,0.055181369999999993,0.005428514823710994,-0.039065426,0.07106195600000001,5,0.95,0.8,0.154829296
16,8,FC3,0.0364984,0.013478460557385623,0.01076757,0.046829944,5,0.95,0.8,0.154829296
17,21,Pz,0.15202312999999998,0.002340977034455917,0.0014520279999999995,0.15239376,5,0.9,0.6,0.049157822000000004
17,28,O2,0.145863934,0.004087009627053751,-0.025971048000000004,0.148902684,5,0.9,0.6,0.049157822000000004
17,15,T3,0.12508715399999998,0.001962733348784292,0.12508715399999998,0.130842438,5,0.9,0.6,0.049157822000000004
17,16,T4,0.11935378,0.006080642942506162,0.010835196,0.130869678,5,0.9,0.6,0.049157822000000004
17,17,CP3,0.11898444999999999,0.005141619931680095,0.027877092000000003,0.135939114,5,0.9,0.6,0.049157822000000004
17,27,O1,0.117489586,0.009347170721075443,0.053376325999999995,0.127930422,5,0.9,0.6,0.049157822000000004
17,13,C3,0.11133236799999999,0.008326861135318034,0.071567868,0.1146542,5,0.9,0.6,0.049157822000000004
17,18,CP4,0.11034237,0.00030379013158758633,0.029941510000000005,0.12776690200000002,5,0.9,0.6,0.049157822000000004
17,0,Fp1,0.11026597600000002,0.0013271781294837582,-0.093305368,0.122068756,5,0.9,0.6,0.049157822000000004
17,23,P4,0.108434494,0.007406256684907023,-0.09840748,0.12163344400000001,5,0.9,0.6,0.049157822000000004
17,22,P3,0.10734122799999998,0.0007293540224198435,0.10734122799999998,0.11687086,5,0.9,0.6,0.049157822000000004
17,24,T5,0.106134964,0.0031753254096753615,0.076620258,0.116770826,5,0.9,0.6,0.049157822000000004
17,2,Fz,0.10455226,0.0016957417973706914,-0.099640264,0.118451416,5,0.9,0.6,0.049157822000000004
17,7,FCz,0.102524214,0.006642971154764257,0.102524214,0.116753726,5,0.9,0.6,0.049157822000000004
17,4,F4,0.097234742,0.0013164980353840216,0.016341206,0.10590780200000001,5,0.9,0.6,0.049157822000000004
17,14,C4,0.090713688,0.009987417837515363,-0.08218507,0.101584716,5,0.9,0.6,0.049157822000000004
17,3,F3,0.088533982,0.0007874302566386385,0.03359363,0.09524044400000001,5,0.9,0.6,0.049157822000000004
17,20,TP8,0.08737163,0.003757537134327486,-0.061826574,0.107513012,5,0.9,0.6,0.049157822000000004
17,10,FT7,0.087196674,0.006009322475806232,-0.058376651999999994,0.10157460199999999,5,0.9,0.6,0.049157822000000004
17,5,F7,0.08674736000000001,0.005685772398900604,0.08518674200000001,0.100018682,5,0.9,0.6,0.049157822000000004
17,19,TP7,0.08539704000000001,0.00219154796906205,-0.013052755999999999,0.095713324,5,0.9,0.6,0.049157822000000004
17,25,T6,0.07988493199999999,0.003553978310255986,-0.060626276,0.090157224,5,0.9,0.6,0.049157822000000004
17,1,Fp2,0.07918641600000001,0.002386308692610827,0.062644348,0.096081288,5,0.9,0.6,0.049157822000000004
17,26,Oz,0.078852302,0.0031712392095630364,0.040192864,0.081499424,5,0.9,0.6,0.049157822000000004
17,6,F8,0.076208608,0.0027856727148338855,-0.028306382,0.07758317,5,0.9,0.6,0.049157822000000004
17,11,FT8,0.075025512,0.010421384661601838,-0.004583824,0.092804976,5,0.9,0.6,0.049157822000000004
17,12,Cz,0.07490435399999999,0.00535057123411417,0.07261082999999999,0.09137026200000001,5,0.9,0.6,0.049157822000000004
17,9,FC4,0.058468356,0.0009998168460423158,-0.058468356,0.07419205599999999,5,0.9,0.6,0.049157822000000004
17,8,FC3,0.03356724,0.00545031554681011,0.007584235999999999,0.040306072,5,0.9,0.6,0.049157822000000004
18,11,FT8,0.19424086599999998,0.05349353602046353,-0.021569018000000002,0.202473866,5,0.6,0.0,1.21534539
18,20,TP8,0.17608805,0.061357044182356116,0.039069382,0.18845315999999998,5,0.6,0.0,1.21534539
18,27,O1,0.151192136,0.03462507996805394,0.004619508,0.158126388,5,0.6,0.0,1.21534539
18,12,Cz,0.1289582,0.031063346766889915,0.119183402,0.145495952,5,0.6,0.0,1.21534539
18,26,Oz,0.126634734,0.029520380157544213,0.023726809999999997,0.14057023600000002,5,0.6,0.0,1.21534539
18,2,Fz,0.12584253,0.02205806439371211,-0.093237724,0.14998778000000001,5,0.6,0.0,1.21534539
18,24,T5,0.124666896,0.030515446862663335,-0.0033624899999999984,0.133839904,5,0.6,0.0,1.21534539
18,7,FCz,0.11731658599999999,0.03746283406124568,0.110611956,0.12846398799999997,5,0.6,0.0,1.21534539
18,8,FC3,0.11597874400000001,0.05124498162105905,0.015176805999999998,0.130944942,5,0.6,0.0,1.21534539
18,18,CP4,0.11007112999999999,0.024982860122594052,-0.014862308000000001,0.118375842,5,0.6,0.0,1.21534539
18,21,Pz,0.108195262,0.04628850721308444,-0.10425760199999998,0.126235034,5,0.6,0.0,1.21534539
18,22,P3,0.103642228,0.03739606942814338,0.012218602,0.11936549199999999,5,0.6,0.0,1.21534539
18,28,O2,0.10359652999999999,0.03771071821293715,0.0031725359999999992,0.12005877599999999,5,0.6,0.0,1.21534539
18,9,FC4,0.102656542,0.02127321804601434,0.062143244,0.115607178,5,0.6,0.0,1.21534539
18,19,TP7,0.097913606,0.0335781968962239,0.042903004,0.10810134,5,0.6,0.0,1.21534539
18,23,P4,0.097460548,0.034465040231647336,-0.015455554,0.129869068,5,0.6,0.0,1.21534539
18,14,C4,0.08455658,0.04851085012860577,-0.059537718,0.09931099800000001,5,0.6,0.0,1.21534539
18,16,T4,0.08026575799999999,0.034719806978127335,-0.019199644,0.09718828199999999,5,0.6,0.0,1.21534539
18,25,T6,0.07961087600000001,0.03119286798563624,-0.00032318599999999994,0.09141125200000001,5,0.6,0.0,1.21534539
18,15,T3,0.078480292,0.03590680813635862,0.026805683999999996,0.094468174,5,0.6,0.0,1.21534539
18,17,CP3,0.076816648,0.03286198729892062,0.038533734,0.090882562,5,0.6,0.0,1.21534539
18,3,F3,0.07448173,0.023965247279523313,-0.022074804,0.09284041600000001,5,0.6,0.0,1.21534539
18,4,F4,0.069297846,0.01839194905623871,0.01442098,0.085719402,5,0.6,0.0,1.21534539
18,13,C3,0.064418876,0.03885175727908174,-0.048943502,0.074517042,5,0.6,0.0,1.21534539
18,10,FT7,0.050686564,0.031132202322912046,0.005854604000000001,0.058335022,5,0.6,0.0,1.21534539
18,5,F7,0.033095946,0.005393571164926816,0.012951141999999999,0.040711621999999996,5,0.6,0.0,1.21534539
18,6,F8,0.032966209999999996,0.014929023842986184,-0.018964842,0.045036578,5,0.6,0.0,1.21534539
18,1,Fp2,0.030403202,0.013955725756425928,0.015632888,0.03434528,5,0.6,0.0,1.21534539
18,0,Fp1,0.022330818,0.009555186937426708,-0.009568048,0.027908158,5,0.6,0.0,1.21534539
19,21,Pz,0.16828654,0.03565571227223626,0.040450059999999996,0.180546278,5,0.675,0.0,0.645651976
19,17,CP3,0.16107233999999998,0.028601820750903246,-0.011171358,0.179631292,5,0.675,0.0,0.645651976
19,14,C4,0.152150328,0.04750886706808919,-0.14582981,0.16908545800000002,5,0.675,0.0,0.645651976
19,18,CP4,0.143574272,0.014635242208882984,0.060413264,0.158061714,5,0.675,0.0,0.645651976
19,23,P4,0.13051196599999998,0.017403871882185576,-0.11216605199999999,0.14211055,5,0.675,0.0,0.645651976
19,15,T3,0.129015396,0.008304825171472907,0.129015396,0.14950752,5,0.675,0.0,0.645651976
19,20,TP8,0.122113592,0.025067055572008643,-0.0019279320000000016,0.137763236,5,0.675,0.0,0.645651976
19,16,T4,0.120159838,0.005784843127766732,-0.001162734,0.13837621,5,0.675,0.0,0.645651976
19,11,FT8,0.11155817400000001,0.038262797850697354,-0.016397176000000003,0.121831282,5,0.675,0.0,0.645651976
19,5,F7,0.10913507600000001,0.034781832481934144,0.095813116,0.12557024,5,0.675,0.0,0.645651976
19,28,O2,0.10745875,0.04063590685320743,-0.048869334,0.12475016600000002,5,0.675,0.0,0.645651976
19,13,C3,0.10134793,0.021307702627703668,0.069945362,0.11069461,5,0.675,0.0,0.645651976
19,27,O1,0.101324,0.007117540018475484,0.026387526,0.11462233799999999,5,0.675,0.0,0.645651976
19,19,TP7,0.100552432,0.03438166410552752,-0.038492794000000004,0.10779443,5,0.675,0.0,0.645651976
19,24,T5,0.096566026,0.014923664384139371,0.06365146,0.108451508,5,0.675,0.0,0.645651976
19,7,FCz,0.093563992,0.02701424527189534,0.093563992,0.102847518,5,0.675,0.0,0.645651976
19,22,P3,0.08306533,0.01911144955045273,0.056180498,0.099156202,5,0.675,0.0,0.645651976
19,9,FC4,0.08063105400000001,0.027517208660346165,-0.035609782,0.097739572,5,0.675,0.0,0.645651976
19,25,T6,0.08027100200000001,0.01486583286224052,-0.047844929999999994,0.099775112,5,0.675,0.0,0.645651976
19,2,Fz,0.07449643,0.02603532676610667,-0.06687689599999999,0.08548066,5,0.675,0.0,0.645651976
19,8,FC3,0.074231994,0.03987250589962248,-0.050012798000000004,0.079338712,5,0.675,0.0,0.645651976
19,4,F4,0.072922662,0.01954704790474434,0.022332826,0.08755214,5,0.675,0.0,0.645651976
19,0,Fp1,0.070513934,0.01905212782080469,-0.046649792,0.08552766199999999,5,0.675,0.0,0.645651976
19,10,FT7,0.069568614,0.02331503123169429,0.009629016,0.083689152,5,0.675,0.0,0.645651976
19,3,F3,0.06834290600000001,0.01089574834508535,0.030306894,0.075618628,5,0.675,0.0,0.645651976
19,12,Cz,0.063012714,0.016339113348952872,0.063012714,0.074113704,5,0.675,0.0,0.645651976
19,1,Fp2,0.056826328,0.010353849530011531,0.022726362,0.06886863,5,0.675,0.0,0.645651976
19,26,Oz,0.05416963,0.011647721059958469,0.031003088,0.064132988,5,0.675,0.0,0.645651976
19,6,F8,0.048340921999999995,0.015578793935060247,-0.005395499999999999,0.053481051999999994,5,0.675,0.0,0.645651976
2,21,Pz,0.166052696,0.017195068179877343,0.017982842,0.17164210600000002,5,0.825,0.6,0.258967494
2,15,T3,0.137042942,0.01331644070751903,0.137042942,0.15043483200000002,5,0.825,0.6,0.258967494
2,28,O2,0.133567392,0.015475892275113569,-0.020423952000000002,0.13734819599999998,5,0.825,0.6,0.258967494
2,2,Fz,0.12421723,0.028240823728765428,-0.12115151800000001,0.137788602,5,0.825,0.6,0.258967494
2,18,CP4,0.11456907000000001,0.011975637242309897,0.036230138,0.128419424,5,0.825,0.6,0.258967494
2,17,CP3,0.11099608999999999,0.015618706117308504,0.034660764,0.127587846,5,0.825,0.6,0.258967494
2,16,T4,0.10731413999999999,0.028281702791841407,0.007480994,0.11945808399999999,5,0.825,0.6,0.258967494
2,23,P4,0.106920922,0.009438528188990589,-0.08339081400000001,0.117164698,5,0.825,0.6,0.258967494
2,13,C3,0.106496002,0.02681915983409659,0.051400492,0.10916267799999999,5,0.825,0.6,0.258967494
2,24,T5,0.105408832,0.005729147732666703,0.061557598000000005,0.11362420799999999,5,0.825,0.6,0.258967494
2,27,O1,0.103795836,0.025473500054263847,0.049727898000000006,0.115949108,5,0.825,0.6,0.258967494
2,7,FCz,0.10167547799999999,0.005832334205476403,0.09388198,0.126149622,5,0.825,0.6,0.258967494
2,25,T6,0.10026507600000001,0.028962592411549245,-0.053754608,0.11155336199999999,5,0.825,0.6,0.258967494
2,0,Fp1,0.09580271,0.01956186344073718,-0.08115045200000001,0.105955774,5,0.825,0.6,0.258967494
2,4,F4,0.095591008,0.004484291268943172,0.015123491999999999,0.10869725599999999,5,0.825,0.6,0.258967494
2,22,P3,0.095107858,0.01748099776558878,0.063489728,0.104473658,5,0.825,0.6,0.258967494
2,5,F7,0.089522092,0.010129741484446678,0.077923646,0.105700656,5,0.825,0.6,0.258967494
2,20,TP8,0.085937446,0.011951202116713203,-0.059577044,0.112865756,5,0.825,0.6,0.258967494
2,14,C4,0.084261566,0.015691775922690526,-0.068673246,0.09969594200000001,5,0.825,0.6,0.258967494
2,19,TP7,0.084011452,0.008371330614622745,-0.021108584,0.093626318,5,0.825,0.6,0.258967494
2,12,Cz,0.080763202,0.009304754117867384,0.062779206,0.096702344,5,0.825,0.6,0.258967494
2,10,FT7,0.08055925,0.018349057458954127,-0.04106451,0.091204058,5,0.825,0.6,0.258967494
2,3,F3,0.07926992,0.011335625760885459,0.019629696,0.084512962,5,0.825,0.6,0.258967494
2,6,F8,0.077322974,0.011641866611432199,-0.024037542000000002,0.081122452,5,0.825,0.6,0.258967494
2,1,Fp2,0.076390102,0.004464409794112763,0.062156396,0.097565906,5,0.825,0.6,0.258967494
2,11,FT8,0.075957304,0.005892974458160326,0.018083928,0.091104246,5,0.825,0.6,0.258967494
2,26,Oz,0.065330148,0.0195308058764563,0.028971236,0.06818724000000001,5,0.825,0.6,0.258967494
2,9,FC4,0.054034346,0.01444390336599771,-0.050863538,0.065768392,5,0.825,0.6,0.258967494
2,8,FC3,0.040704251999999996,0.015086677555115306,0.006288273999999999,0.047075924000000005,5,0.825,0.6,0.258967494
20,21,Pz,0.172874256,0.02110247526450701,-0.049580872,0.188029036,5,0.775,0.2,0.6314688759999999
20,4,F4,0.14731181399999999,0.05460094917406181,0.11347540199999999,0.16377643599999997,5,0.775,0.2,0.6314688759999999
20,2,Fz,0.130501644,0.047004682370605164,-0.128097984,0.13959910400000003,5,0.775,0.2,0.6314688759999999
20,19,TP7,0.130427552,0.04552118218423562,-0.089713504,0.14603866000000001,5,0.775,0.2,0.6314688759999999
20,18,CP4,0.126106044,0.0348699976842239,0.086707754,0.14802002399999997,5,0.775,0.2,0.6314688759999999
20,24,T5,0.122614788,0.023035748767643093,0.079789574,0.13995897799999998,5,0.775,0.2,0.6314688759999999
20,14,C4,0.118507534,0.04302952193216513,-0.095177564,0.13531827400000002,5,0.775,0.2,0.6314688759999999
20,17,CP3,0.11798499600000001,0.0049208426485338845,0.038006743999999995,0.13550301199999998,5,0.775,0.2,0.6314688759999999
20,28,O2,0.116125294,0.029763891602364104,0.009335826000000002,0.122318552,5,0.775,0.2,0.6314688759999999
20,16,T4,0.11484682400000001,0.026341060157393625,-0.019108049999999998,0.132192848,5,0.775,0.2,0.6314688759999999
20,12,Cz,0.11086774400000002,0.03600033733517965,0.10245511999999998,0.11892753,5,0.775,0.2,0.6314688759999999
20,3,F3,0.109527742,0.02810833071377719,-0.034050416,0.12450085600000001,5,0.775,0.2,0.6314688759999999
20,22,P3,0.10905999,0.015875864783143307,0.07649509800000001,0.125846358,5,0.775,0.2,0.6314688759999999
20,27,O1,0.10113040799999999,0.03019525623114862,0.014186741999999999,0.11280219600000001,5,0.775,0.2,0.6314688759999999
20,13,C3,0.08987023400000001,0.02313503553553419,0.07113532,0.10926636,5,0.775,0.2,0.6314688759999999
20,15,T3,0.084074154,0.04015447402523012,0.062478679999999995,0.087985214,5,0.775,0.2,0.6314688759999999
20,5,F7,0.083695946,0.013861634933835548,0.078422154,0.102669826,5,0.775,0.2,0.6314688759999999
20,6,F8,0.081976546,0.009824951029093226,-0.014507154,0.09351910999999999,5,0.775,0.2,0.6314688759999999
20,9,FC4,0.076944788,0.01888459590578178,-0.034331036,0.091636432,5,0.775,0.2,0.6314688759999999
20,11,FT8,0.075329014,0.007647059623638359,0.0022185200000000003,0.086163598,5,0.775,0.2,0.6314688759999999
20,23,P4,0.075245414,0.029084762539681838,-0.063568664,0.086356086,5,0.775,0.2,0.6314688759999999
20,10,FT7,0.074943468,0.01863119370781754,-0.011202642000000002,0.088066998,5,0.775,0.2,0.6314688759999999
20,7,FCz,0.073730932,0.0277408887879637,0.06647587,0.08436679799999999,5,0.775,0.2,0.6314688759999999
20,26,Oz,0.07286888999999999,0.019412680178991254,0.058499626000000006,0.078556218,5,0.775,0.2,0.6314688759999999
20,25,T6,0.07145429,0.009510909624370843,-0.060847424000000004,0.082853234,5,0.775,0.2,0.6314688759999999
20,0,Fp1,0.070890062,0.03557257049362781,-0.046721111999999995,0.085011682,5,0.775,0.2,0.6314688759999999
20,20,TP8,0.06700604,0.0209427473457794,-0.013198943999999999,0.08286069,5,0.775,0.2,0.6314688759999999
20,1,Fp2,0.06338803,0.014482983330022169,0.04568793,0.07961385800000001,5,0.775,0.2,0.6314688759999999
20,8,FC3,0.063009872,0.0309954604067857,0.027474104,0.073916708,5,0.775,0.2,0.6314688759999999
21,26,Oz,0.191611704,0.06387078501026335,0.18766308199999998,0.20561787599999998,5,0.7,0.0,0.843201794
21,18,CP4,0.154994652,0.01098823626368081,0.020619015999999997,0.17538098600000002,5,0.7,0.0,0.843201794
21,21,Pz,0.147828548,0.015142172824167941,-0.07850457200000001,0.161627904,5,0.7,0.0,0.843201794
21,28,O2,0.133992362,0.023132636946687903,-0.096688754,0.16203462600000001,5,0.7,0.0,0.843201794
21,13,C3,0.123766182,0.029707926472433588,0.001786704,0.146040746,5,0.7,0.0,0.843201794
21,17,CP3,0.118233984,0.02150368974590826,0.02852126,0.155922182,5,0.7,0.0,0.843201794
21,2,Fz,0.113744186,0.04245522044669454,-0.051750176,0.130562224,5,0.7,0.0,0.843201794
21,25,T6,0.109703412,0.04149747234639322,-0.089175804,0.12417320000000001,5,0.7,0.0,0.843201794
21,0,Fp1,0.103817888,0.035535417071296205,-0.089695074,0.11831747,5,0.7,0.0,0.843201794
21,23,P4,0.101581238,0.015925723314749944,-0.029561287999999998,0.112362518,5,0.7,0.0,0.843201794
21,12,Cz,0.09975301,0.020441775126633453,0.093176356,0.110845962,5,0.7,0.0,0.843201794
21,7,FCz,0.096035916,0.033285678286401645,0.06293834000000001,0.10844274000000001,5,0.7,0.0,0.843201794
21,20,TP8,0.095536234,0.019866135828076382,-0.019310998000000003,0.11044108999999999,5,0.7,0.0,0.843201794
21,15,T3,0.09242608599999999,0.02123287953081918,0.09242608599999999,0.10972526,5,0.7,0.0,0.843201794
21,5,F7,0.09046295,0.02814319722898857,0.082103532,0.099730086,5,0.7,0.0,0.843201794
21,3,F3,0.08441879399999999,0.010719254756030387,0.05583840599999999,0.097659446,5,0.7,0.0,0.843201794
21,16,T4,0.08139104999999999,0.03536915999127771,0.004496537999999999,0.09061390799999999,5,0.7,0.0,0.843201794
21,14,C4,0.081161762,0.038824928130969806,0.041487211999999996,0.089479588,5,0.7,0.0,0.843201794
21,27,O1,0.079020638,0.040362164364690846,0.047674984,0.094541808,5,0.7,0.0,0.843201794
21,11,FT8,0.078215518,0.019424963007105573,-0.0056163919999999996,0.08792576399999999,5,0.7,0.0,0.843201794
21,24,T5,0.067320774,0.023579167772132675,0.010633635999999998,0.081237296,5,0.7,0.0,0.843201794
21,4,F4,0.063995622,0.017398453372138287,-0.03582837,0.081973798,5,0.7,0.0,0.843201794
21,10,FT7,0.061644253999999996,0.015578858044552883,-0.011616795999999999,0.072650714,5,0.7,0.0,0.843201794
21,22,P3,0.060840158,0.01666083205864491,0.044183404,0.07138906,5,0.7,0.0,0.843201794
21,19,TP7,0.057401844,0.02254573429409164,0.013856752,0.068676866,5,0.7,0.0,0.843201794
21,6,F8,0.056563046000000006,0.022087485142027373,0.035969377999999996,0.071463078,5,0.7,0.0,0.843201794
21,9,FC4,0.045271562,0.010539458693385064,-0.024156522,0.050996478,5,0.7,0.0,0.843201794
21,1,Fp2,0.041464957999999996,0.011424117739056265,0.021095864,0.050775912,5,0.7,0.0,0.843201794
21,8,FC3,0.026463692,0.004688116404039045,0.0006544599999999997,0.03285203,5,0.7,0.0,0.843201794
22,5,F7,0.15649396399999999,0.02585594101257157,0.15139486200000002,0.175484854,5,0.625,0.0,0.641996708
22,12,Cz,0.142437678,0.02986567775628857,0.14144500799999998,0.15769092599999998,5,0.625,0.0,0.641996708
22,17,CP3,0.139839506,0.008805498713606743,-0.030034492000000003,0.153336866,5,0.625,0.0,0.641996708
22,9,FC4,0.13799255,0.02845263653324239,-0.10224808,0.150062356,5,0.625,0.0,0.641996708
22,21,Pz,0.113415198,0.013311147672701633,0.007170442000000001,0.12001077200000002,5,0.625,0.0,0.641996708
22,13,C3,0.11310714399999999,0.021817691672327066,0.102698454,0.13476020800000002,5,0.625,0.0,0.641996708
22,7,FCz,0.11068739999999999,0.040400378546420826,0.10587584000000001,0.11439712399999999,5,0.625,0.0,0.641996708
22,26,Oz,0.109407608,0.02217056969087331,0.001867321999999999,0.13127831,5,0.625,0.0,0.641996708
22,2,Fz,0.105908066,0.011055719329007048,-0.095319512,0.117334338,5,0.625,0.0,0.641996708
22,18,CP4,0.103571422,0.00438688844278835,0.025986327999999996,0.13627001,5,0.625,0.0,0.641996708
22,28,O2,0.10255387200000002,0.04417429431678191,-0.007563246,0.113499418,5,0.625,0.0,0.641996708
22,0,Fp1,0.098732562,0.016316101544231396,-0.075580446,0.11261243000000001,5,0.625,0.0,0.641996708
22,27,O1,0.09516648800000001,0.00897250136095671,0.031192934,0.10705385999999999,5,0.625,0.0,0.641996708
22,16,T4,0.08512326,0.02222455696559551,0.029464565999999998,0.093228692,5,0.625,0.0,0.641996708
22,3,F3,0.08236965,0.012902456705507676,0.029619706000000003,0.093599748,5,0.625,0.0,0.641996708
22,14,C4,0.08235100199999999,0.019640974778092613,-0.07193503999999999,0.098938058,5,0.625,0.0,0.641996708
22,23,P4,0.07986131199999999,0.011900901374333795,-0.06619151599999999,0.12148407800000001,5,0.625,0.0,0.641996708
22,6,F8,0.079792394,0.017070276425145553,0.058260766,0.09449095599999999,5,0.625,0.0,0.641996708
22,20,TP8,0.079095044,0.016360278847752867,-0.01292386,0.0900194,5,0.625,0.0,0.641996708
22,15,T3,0.073132228,0.013144271057387328,0.050363674000000004,0.08811162,5,0.625,0.0,0.641996708
22,19,TP7,0.068450336,0.025756236433787834,-0.038864138,0.077376824,5,0.625,0.0,0.641996708
22,11,FT8,0.0626286,0.02140074865749794,0.0031387940000000003,0.07227284199999999,5,0.625,0.0,0.641996708
22,10,FT7,0.061386204,0.021630640918632767,-0.047219328,0.07141852600000001,5,0.625,0.0,0.641996708
22,4,F4,0.061037140000000004,0.006419755699132951,0.016349534,0.068852232,5,0.625,0.0,0.641996708
22,25,T6,0.06017176,0.016056086820547218,-0.049440538,0.079368886,5,0.625,0.0,0.641996708
22,22,P3,0.056866033999999996,0.01633183123104479,0.051623224,0.068742318,5,0.625,0.0,0.641996708
22,8,FC3,0.05357468,0.008789174447816472,-0.051922068,0.06623388,5,0.625,0.0,0.641996708
22,24,T5,0.053437272,0.019945614265693103,0.043988559999999996,0.067082538,5,0.625,0.0,0.641996708
22,1,Fp2,0.03611183,0.012013074497119792,0.01196467,0.042613608000000004,5,0.625,0.0,0.641996708
23,21,Pz,0.15338400000000002,0.0011993656927101063,0.007361914,0.153614748,5,0.975,0.8,0.011708616
23,28,O2,0.14403106000000002,0.0004605397526272931,-0.023415188,0.146685736,5,0.975,0.8,0.011708616
23,15,T3,0.126507542,0.00026424067565383855,0.126507542,0.131814046,5,0.975,0.8,0.011708616
23,16,T4,0.122486982,0.00027373993948636626,0.014186170000000001,0.134704598,5,0.975,0.8,0.011708616
23,27,O1,0.12222507,0.0005881192773154117,0.056800543999999994,0.132567058,5,0.975,0.8,0.011708616
23,17,CP3,0.121289644,0.0002754768121457775,0.03391050599999999,0.139650776,5,0.975,0.8,0.011708616
23,13,C3,0.11529031999999999,0.0006511184534322474,0.07265875200000001,0.117526358,5,0.975,0.8,0.011708616
23,18,CP4,0.11049815199999999,0.0007926663573787004,0.034852562,0.12692583,5,0.975,0.8,0.011708616
23,0,Fp1,0.110304084,0.0010691754514250726,-0.096422492,0.123216766,5,0.975,0.8,0.011708616
23,22,P3,0.109148234,0.0007571342841794999,0.109148234,0.118345984,5,0.975,0.8,0.011708616
23,24,T5,0.104766454,0.0008306225236110558,0.07329996999999999,0.11434119599999999,5,0.975,0.8,0.011708616
23,2,Fz,0.10444761,0.0004154447711790376,-0.09937411,0.11832537800000001,5,0.975,0.8,0.011708616
23,23,P4,0.10439446999999999,0.0006209211168497971,-0.092519846,0.116348056,5,0.975,0.8,0.011708616
23,4,F4,0.0984303,0.0006195596556829721,0.012375418000000001,0.10890753,5,0.975,0.8,0.011708616
23,7,FCz,0.097987996,0.0011962895468405636,0.097987996,0.113761996,5,0.975,0.8,0.011708616
23,10,FT7,0.090894512,0.00045539958741746894,-0.058729558,0.104465386,5,0.975,0.8,0.011708616
23,20,TP8,0.088913674,0.0004157562607826846,-0.058927023999999995,0.107842352,5,0.975,0.8,0.011708616
23,3,F3,0.087789872,0.00047413798948197185,0.026460202,0.094891702,5,0.975,0.8,0.011708616
23,14,C4,0.084730524,0.0009475305412122634,-0.07449452399999999,0.095196226,5,0.975,0.8,0.011708616
23,19,TP7,0.084513812,0.0004128204445881979,-0.018145076,0.09477508999999999,5,0.975,0.8,0.011708616
23,5,F7,0.083538584,0.0014946681167336095,0.08082754,0.09677287999999999,5,0.975,0.8,0.011708616
23,25,T6,0.08088092799999999,0.0003975122134224342,-0.061826344,0.09193593600000001,5,0.975,0.8,0.011708616
23,11,FT8,0.079644224,0.0007160355678176894,-0.003362656,0.09669597399999999,5,0.975,0.8,0.011708616
23,6,F8,0.077379056,0.0005165909450232237,-0.028593992000000002,0.0784252,5,0.975,0.8,0.011708616
23,1,Fp2,0.077314228,0.00032577700520448037,0.060611561999999994,0.09456911999999999,5,0.975,0.8,0.011708616
23,26,Oz,0.077112686,0.000454363529489329,0.042167184,0.07969946800000001,5,0.975,0.8,0.011708616
23,12,Cz,0.07648872599999999,0.0009476907954760335,0.075205806,0.09191801,5,0.975,0.8,0.011708616
23,9,FC4,0.057365378,0.00027831823865855527,-0.057365378,0.07584561599999999,5,0.975,0.8,0.011708616
23,8,FC3,0.030572062,0.0004438578851614565,0.00484217,0.037524746,5,0.975,0.8,0.011708616
24,21,Pz,0.148256874,0.006016336907207741,0.010068348000000001,0.14936989,5,0.9,0.6,0.16471849
24,28,O2,0.137624336,0.012913114444551323,-0.015927272,0.139913342,5,0.9,0.6,0.16471849
24,17,CP3,0.13139367200000002,0.013537102231841201,0.02683044,0.151273716,5,0.9,0.6,0.16471849
24,27,O1,0.119009506,0.00685016412472942,0.06216133,0.12804421,5,0.9,0.6,0.16471849
24,15,T3,0.115808982,0.014932537847635605,0.111841174,0.125773766,5,0.9,0.6,0.16471849
24,16,T4,0.11130032999999999,0.01616330524440778,0.031247644,0.124658364,5,0.9,0.6,0.16471849
24,18,CP4,0.10943849800000001,0.009249859046970392,0.025636128,0.126620596,5,0.9,0.6,0.16471849
24,23,P4,0.108295824,0.008667313091231338,-0.095517294,0.12160684800000002,5,0.9,0.6,0.16471849
24,2,Fz,0.10429539400000001,0.0003014090150111643,-0.097029804,0.117867894,5,0.9,0.6,0.16471849
24,22,P3,0.10368406000000001,0.00686742099013888,0.10368406000000001,0.116910538,5,0.9,0.6,0.16471849
24,13,C3,0.098820516,0.02232701150991731,0.06301493799999999,0.10392370399999999,5,0.9,0.6,0.16471849
24,4,F4,0.09768604,0.006203880050037236,0.010341946,0.109928302,5,0.9,0.6,0.16471849
24,25,T6,0.09660238400000001,0.02232113173163113,-0.07737179400000001,0.11301998399999999,5,0.9,0.6,0.16471849
24,24,T5,0.095172776,0.014159880517406567,0.061237096000000005,0.10764793400000001,5,0.9,0.6,0.16471849
24,7,FCz,0.091078326,0.01103569359796338,0.091078326,0.10506386000000001,5,0.9,0.6,0.16471849
24,19,TP7,0.090808902,0.008213902849116252,-0.033647647999999995,0.10650974399999999,5,0.9,0.6,0.16471849
24,0,Fp1,0.090441914,0.026832815938213232,-0.074917178,0.103193074,5,0.9,0.6,0.16471849
24,6,F8,0.08818653800000001,0.019293478673167525,-0.036394782,0.090373234,5,0.9,0.6,0.16471849
24,11,FT8,0.086855422,0.011872338232105756,0.004392258,0.102919232,5,0.9,0.6,0.16471849
24,20,TP8,0.086285336,0.010665310129716337,-0.042635212,0.099495974,5,0.9,0.6,0.16471849
24,12,Cz,0.08612149599999999,0.014472650673911807,0.08280111,0.10062216400000001,5,0.9,0.6,0.16471849
24,10,FT7,0.083983734,0.012868227946828186,-0.063658994,0.098985244,5,0.9,0.6,0.16471849
24,14,C4,0.083864368,0.008760712014789096,-0.068664448,0.09606276,5,0.9,0.6,0.16471849
24,5,F7,0.081807378,0.011230677078009144,0.080375792,0.093064572,5,0.9,0.6,0.16471849
24,1,Fp2,0.076316634,0.00569494562219693,0.064912608,0.101876958,5,0.9,0.6,0.16471849
24,3,F3,0.074488754,0.018652838435721516,0.007914412000000001,0.08927847,5,0.9,0.6,0.16471849
24,26,Oz,0.06789177399999999,0.01358553932151683,0.025527466,0.070403758,5,0.9,0.6,0.16471849
24,9,FC4,0.056599692,0.0031024895230556404,-0.048422811999999996,0.071819624,5,0.9,0.6,0.16471849
24,8,FC3,0.038921284,0.012623007678728157,-0.00607477,0.044119224,5,0.9,0.6,0.16471849
25,15,T3,0.149613504,0.027651471213926034,0.149613504,0.15503367799999998,5,0.8,0.4,0.35682991
25,28,O2,0.134835754,0.010667764996044387,-0.030611727999999998,0.14187783999999998,5,0.8,0.4,0.35682991
25,17,CP3,0.130859324,0.01917739354765996,0.050102406,0.144637604,5,0.8,0.4,0.35682991
25,21,Pz,0.129118362,0.032938328675299694,-0.007217061999999999,0.133997868,5,0.8,0.4,0.35682991
25,27,O1,0.117996142,0.02206510101198089,0.063399506,0.131321616,5,0.8,0.4,0.35682991
25,13,C3,0.11730097399999999,0.011676464037221628,0.088765858,0.123941686,5,0.8,0.4,0.35682991
25,18,CP4,0.117170026,0.0296325466521396,0.004822896000000002,0.13515258000000002,5,0.8,0.4,0.35682991
25,2,Fz,0.1092503,0.013088398188004138,-0.10732177000000001,0.12235750199999999,5,0.8,0.4,0.35682991
25,22,P3,0.105370158,0.007995546052188688,0.105370158,0.113693016,5,0.8,0.4,0.35682991
25,10,FT7,0.10256079200000001,0.013616683732764001,-0.068481824,0.12146783800000001,5,0.8,0.4,0.35682991
25,19,TP7,0.101389252,0.03728323389876366,-0.065115916,0.11744477,5,0.8,0.4,0.35682991
25,16,T4,0.100913896,0.030737529898182778,0.010421337999999999,0.11425669199999999,5,0.8,0.4,0.35682991
25,24,T5,0.10044726200000001,0.011719001294780627,0.0002475640000000029,0.11249894,5,0.8,0.4,0.35682991
25,0,Fp1,0.09988262,0.0190987346322996,-0.08314988,0.11200297,5,0.8,0.4,0.35682991
25,7,FCz,0.098950652,0.00834212559989779,0.098950652,0.11750090799999999,5,0.8,0.4,0.35682991
25,20,TP8,0.09710803,0.01466455396927401,-0.05926679,0.116409658,5,0.8,0.4,0.35682991
25,4,F4,0.096777806,0.0030310354496161864,0.027947405999999998,0.105434006,5,0.8,0.4,0.35682991
25,25,T6,0.093823034,0.019232878473280583,-0.039327338,0.10625362199999999,5,0.8,0.4,0.35682991
25,23,P4,0.093674086,0.019229685880226437,-0.074697984,0.10429805,5,0.8,0.4,0.35682991
25,3,F3,0.08983155000000001,0.0026828678446207477,-0.0043530800000000005,0.104820684,5,0.8,0.4,0.35682991
25,14,C4,0.077900684,0.01036016491452622,-0.038268012,0.089979904,5,0.8,0.4,0.35682991
25,5,F7,0.07631047399999999,0.016865278861972016,0.07567103,0.087324106,5,0.8,0.4,0.35682991
25,11,FT8,0.07443041,0.012992716377603642,-0.0020111200000000004,0.088980956,5,0.8,0.4,0.35682991
25,26,Oz,0.073557944,0.009619839249661604,0.049949218000000004,0.081108886,5,0.8,0.4,0.35682991
25,12,Cz,0.073017334,0.01167795993119646,0.054751247999999995,0.08647672199999999,5,0.8,0.4,0.35682991
25,1,Fp2,0.071703188,0.012109031623824007,0.049493164,0.08546082,5,0.8,0.4,0.35682991
25,9,FC4,0.071633506,0.031816369960792665,-0.02676635,0.089913718,5,0.8,0.4,0.35682991
25,6,F8,0.060365897999999994,0.01634251574615335,0.001686012,0.06596247,5,0.8,0.4,0.35682991
25,8,FC3,0.041747696,0.0135136842564058,-0.014876512,0.052337318,5,0.8,0.4,0.35682991
26,21,Pz,0.14722233999999998,0.012986967276550746,-0.0066560099999999995,0.15299901999999999,5,0.9,0.8,0.148602608
26,28,O2,0.146242818,0.004986802350531842,-0.037150588,0.153927846,5,0.9,0.8,0.148602608
26,27,O1,0.13501260799999998,0.02860049522759999,0.06242578,0.144267528,5,0.9,0.8,0.148602608
26,16,T4,0.126783434,0.0100611635774139,0.0006756560000000005,0.143288682,5,0.9,0.8,0.148602608
26,17,CP3,0.12086622799999999,0.0010417099069654609,0.038181994,0.138999226,5,0.9,0.8,0.148602608
26,13,C3,0.116816946,0.002262232329664651,0.055317194,0.125155604,5,0.9,0.8,0.148602608
26,15,T3,0.115142908,0.02647305589077544,0.10485825600000001,0.121022594,5,0.9,0.8,0.148602608
26,18,CP4,0.11276122800000002,0.004729746934664682,0.042266176,0.12898706,5,0.9,0.8,0.148602608
26,22,P3,0.108237616,0.0004071586240398259,0.097329174,0.11597026399999999,5,0.9,0.8,0.148602608
26,0,Fp1,0.104418504,0.012461328803674189,-0.09143775800000001,0.117980224,5,0.9,0.8,0.148602608
26,10,FT7,0.097917426,0.017509745559362935,-0.06472035200000001,0.11139947399999998,5,0.9,0.8,0.148602608
26,2,Fz,0.09402921,0.021493529833710424,-0.087621068,0.108685098,5,0.9,0.8,0.148602608
26,24,T5,0.09398616,0.023814826016531173,0.059463042,0.10379167599999999,5,0.9,0.8,0.148602608
26,23,P4,0.093431396,0.02630075068484605,-0.079574542,0.10429506800000002,5,0.9,0.8,0.148602608
26,3,F3,0.09335718200000001,0.012341725992387366,0.034293612,0.10171248799999999,5,0.9,0.8,0.148602608
26,4,F4,0.093165356,0.009154229310869375,0.019925738000000002,0.101906702,5,0.9,0.8,0.148602608
26,7,FCz,0.090166054,0.020271034310666788,0.090166054,0.10288001399999999,5,0.9,0.8,0.148602608
26,20,TP8,0.09003367,0.0019361024564185597,-0.052540058,0.10661490200000001,5,0.9,0.8,0.148602608
26,19,TP7,0.086481272,0.0048988847488658045,-0.018725864000000002,0.095771302,5,0.9,0.8,0.148602608
26,5,F7,0.084858838,0.0018607354340072135,0.083328534,0.095997882,5,0.9,0.8,0.148602608
26,12,Cz,0.08370543,0.015407343199731088,0.075418372,0.101927442,5,0.9,0.8,0.148602608
26,1,Fp2,0.077294772,0.0005242493045965769,0.061811358,0.095216812,5,0.9,0.8,0.148602608
26,26,Oz,0.076440164,0.0019077913469061484,0.042895446,0.078684858,5,0.9,0.8,0.148602608
26,25,T6,0.076377602,0.010747543539026483,-0.046121074,0.086468128,5,0.9,0.8,0.148602608
26,14,C4,0.076213974,0.021586136419440145,-0.060419018000000005,0.085635918,5,0.9,0.8,0.148602608
26,11,FT8,0.074043992,0.012855278178614803,-0.003211158,0.089091172,5,0.9,0.8,0.148602608
26,6,F8,0.070992328,0.014515974413113643,-0.03130311,0.07681640199999999,5,0.9,0.8,0.148602608
26,9,FC4,0.068929822,0.023833940315060576,-0.068929822,0.08504418,5,0.9,0.8,0.148602608
26,8,FC3,0.04546538,0.030550999391780954,5.8408000000000244e-05,0.05275107799999999,5,0.9,0.8,0.148602608
27,28,O2,0.16375667,0.043270898566507725,-0.067458814,0.177592616,5,0.9,0.6,0.21369140800000003
27,21,Pz,0.13852425399999999,0.032843650206652274,-0.0015408059999999998,0.142326818,5,0.9,0.6,0.21369140800000003
27,18,CP4,0.117888916,0.015517196044186913,0.05672836,0.142315344,5,0.9,0.6,0.21369140800000003
27,27,O1,0.116948252,0.011958185478554846,0.052128008,0.12690473,5,0.9,0.6,0.21369140800000003
27,17,CP3,0.11616849199999998,0.010876664350997961,0.010206638,0.1408628,5,0.9,0.6,0.21369140800000003
27,13,C3,0.11604165,0.0023031986722490956,0.07725359600000001,0.121592958,5,0.9,0.6,0.21369140800000003
27,15,T3,0.112043402,0.032492384651017385,0.104539538,0.116780562,5,0.9,0.6,0.21369140800000003
27,16,T4,0.105313488,0.03718604401324736,0.014895786,0.115676416,5,0.9,0.6,0.21369140800000003
27,24,T5,0.103659918,0.0025494946347207744,0.07394436,0.112664754,5,0.9,0.6,0.21369140800000003
27,4,F4,0.10301992200000001,0.013189337760366139,0.035480986000000006,0.11971780600000001,5,0.9,0.6,0.21369140800000003
27,7,FCz,0.10238267000000001,0.006944516161925897,0.10238267000000001,0.121228932,5,0.9,0.6,0.21369140800000003
27,22,P3,0.10142069000000001,0.014110436911809285,0.098016522,0.11016087999999999,5,0.9,0.6,0.21369140800000003
27,0,Fp1,0.100915354,0.01827227838608202,-0.090127624,0.11280353400000001,5,0.9,0.6,0.21369140800000003
27,23,P4,0.09929758,0.012861704255338797,-0.080891428,0.11124145999999999,5,0.9,0.6,0.21369140800000003
27,19,TP7,0.09829397999999999,0.030543779995797837,0.011993458,0.11379948799999999,5,0.9,0.6,0.21369140800000003
27,3,F3,0.098107842,0.023521432657149517,0.009740995999999998,0.110246774,5,0.9,0.6,0.21369140800000003
27,2,Fz,0.09777554200000001,0.012364917350171412,-0.093477638,0.117327018,5,0.9,0.6,0.21369140800000003
27,14,C4,0.089207488,0.007723018529067503,-0.07089375,0.10112186199999999,5,0.9,0.6,0.21369140800000003
27,5,F7,0.08796697,0.009179946722634068,0.072456436,0.102709576,5,0.9,0.6,0.21369140800000003
27,12,Cz,0.08746856,0.023350168688708647,0.073797898,0.10150974800000001,5,0.9,0.6,0.21369140800000003
27,10,FT7,0.085096562,0.011292667888199406,-0.050982311999999995,0.097174664,5,0.9,0.6,0.21369140800000003
27,25,T6,0.083567958,0.004231058700262851,-0.053338346,0.09413056,5,0.9,0.6,0.21369140800000003
27,20,TP8,0.080671172,0.018952174685596637,-0.042062258,0.097512522,5,0.9,0.6,0.21369140800000003
27,26,Oz,0.080504716,0.007311221663041686,0.041132158,0.08413574,5,0.9,0.6,0.21369140800000003
27,9,FC4,0.073106148,0.03489180572950861,-0.073106148,0.091895828,5,0.9,0.6,0.21369140800000003
27,11,FT8,0.071245772,0.019926595017154082,0.002620386,0.08816970799999999,5,0.9,0.6,0.21369140800000003
27,1,Fp2,0.071026306,0.01608720677574513,0.054010581999999994,0.086795272,5,0.9,0.6,0.21369140800000003
27,6,F8,0.065934282,0.025062752913345733,-0.022607304,0.067933854,5,0.9,0.6,0.21369140800000003
27,8,FC3,0.046386884,0.03491290774883309,0.02012231,0.056231186,5,0.9,0.6,0.21369140800000003
28,17,CP3,0.149672716,0.03150815022555482,0.006093289999999999,0.17415862399999998,5,0.7,0.2,0.413737698
28,21,Pz,0.149123504,0.01993490806649933,0.035229843999999996,0.166909778,5,0.7,0.2,0.413737698
28,28,O2,0.143331398,0.01518876598185877,-0.0043573480000000005,0.151766272,5,0.7,0.2,0.413737698
28,16,T4,0.12449106000000001,0.0037505420211217397,0.036353138,0.133694076,5,0.7,0.2,0.413737698
28,27,O1,0.11735602599999999,0.021680397311263234,0.058388324000000005,0.12844668399999998,5,0.7,0.2,0.413737698
28,7,FCz,0.11677554999999999,0.01784685487620298,0.11677554999999999,0.126276984,5,0.7,0.2,0.413737698
28,15,T3,0.108500238,0.02204313353111395,0.10752801000000001,0.121585648,5,0.7,0.2,0.413737698
28,18,CP4,0.107950134,0.00801886610860476,0.055632711999999994,0.1274635,5,0.7,0.2,0.413737698
28,22,P3,0.103374424,0.019150872661615977,0.08671673399999999,0.12285865199999998,5,0.7,0.2,0.413737698
28,12,Cz,0.098629708,0.023254239374263994,0.081079156,0.111994988,5,0.7,0.2,0.413737698
28,23,P4,0.09760200399999999,0.019229299099428453,-0.092134158,0.11633339200000001,5,0.7,0.2,0.413737698
28,24,T5,0.096194192,0.01494263006196935,0.06698240600000001,0.10720130000000001,5,0.7,0.2,0.413737698
28,4,F4,0.09340743,0.004495911562898008,-0.008154529999999998,0.104433662,5,0.7,0.2,0.413737698
28,20,TP8,0.093305618,0.021806425530937437,-0.07388701,0.11834825,5,0.7,0.2,0.413737698
28,14,C4,0.091656938,0.015345826662649036,-0.06927607,0.103146042,5,0.7,0.2,0.413737698
28,0,Fp1,0.090078622,0.025478722073308938,-0.078625872,0.10313916599999999,5,0.7,0.2,0.413737698
28,5,F7,0.0868209,0.004895771945061373,0.071230372,0.10194303600000001,5,0.7,0.2,0.413737698
28,9,FC4,0.08620710200000001,0.025550818462728747,-0.06296004,0.10159887000000001,5,0.7,0.2,0.413737698
28,2,Fz,0.08429678199999999,0.02389452321597085,-0.070471756,0.09449998,5,0.7,0.2,0.413737698
28,25,T6,0.08408911799999999,0.01561027993806229,-0.067285366,0.09494018200000001,5,0.7,0.2,0.413737698
28,13,C3,0.083357756,0.038855613772878175,0.058587679999999996,0.092792414,5,0.7,0.2,0.413737698
28,19,TP7,0.081797682,0.018378949337711607,-0.022923622,0.09290522,5,0.7,0.2,0.413737698
28,11,FT8,0.080966832,0.017107856857051677,-0.02256258,0.095529484,5,0.7,0.2,0.413737698
28,3,F3,0.080457308,0.017701270562950275,0.02006809,0.09226269000000001,5,0.7,0.2,0.413737698
28,6,F8,0.077730432,0.015066004264147809,-0.0071515599999999995,0.082152516,5,0.7,0.2,0.413737698
28,26,Oz,0.076967244,0.01981355228342661,0.023930046,0.081570332,5,0.7,0.2,0.413737698
28,1,Fp2,0.068665004,0.01647315645780674,0.04990999,0.091465522,5,0.7,0.2,0.413737698
28,10,FT7,0.066285416,0.026168371341218966,-0.035083732,0.07378997400000001,5,0.7,0.2,0.413737698
28,8,FC3,0.04136109,0.018140042109583154,-0.0010647200000000001,0.047890341999999995,5,0.7,0.2,0.413737698
29,21,Pz,0.158623138,0.012742257304236558,-0.002983224000000001,0.161336064,5,0.925,0.8,0.197992652
29,28,O2,0.149689184,0.010823844588697671,-0.016450078,0.153405174,5,0.925,0.8,0.197992652
29,15,T3,0.126552726,0.0007691678972305233,0.126552726,0.130974872,5,0.925,0.8,0.197992652
29,27,O1,0.11889888200000001,0.005299741949238656,0.04119285,0.130724854,5,0.925,0.8,0.197992652
29,16,T4,0.117632962,0.008466110010823742,0.013611535999999999,0.12806375600000003,5,0.925,0.8,0.197992652
29,17,CP3,0.11361110999999999,0.018700833981115647,0.011801856,0.132013948,5,0.925,0.8,0.197992652
29,18,CP4,0.11204866399999999,0.0014593690343878086,0.043057896,0.131776524,5,0.925,0.8,0.197992652
29,2,Fz,0.10822625599999999,0.009908508440955177,-0.09872666199999999,0.123161848,5,0.925,0.8,0.197992652
29,22,P3,0.107992008,0.0002885476094511956,0.096445776,0.11970284,5,0.925,0.8,0.197992652
29,0,Fp1,0.10635325200000001,0.008578104500585776,-0.093676154,0.11862421999999999,5,0.925,0.8,0.197992652
29,13,C3,0.103740062,0.025271722213618918,0.056732078,0.10716288600000001,5,0.925,0.8,0.197992652
29,24,T5,0.102209682,0.008244212781577146,0.074992172,0.114424912,5,0.925,0.8,0.197992652
29,7,FCz,0.09906154,0.0019162461125335718,0.096293798,0.11509814199999999,5,0.925,0.8,0.197992652
29,14,C4,0.097141152,0.025874141065302437,-0.076461126,0.109314866,5,0.925,0.8,0.197992652
29,23,P4,0.09699221,0.016322055052494153,-0.082692882,0.108069906,5,0.925,0.8,0.197992652
29,25,T6,0.09639431000000001,0.033956312760088515,-0.041515659999999996,0.10707592400000002,5,0.925,0.8,0.197992652
29,20,TP8,0.094248834,0.011269590006485595,-0.06018359200000001,0.11320825399999998,5,0.925,0.8,0.197992652
29,4,F4,0.09343632399999999,0.009625819539607006,0.017379684,0.10311358600000001,5,0.925,0.8,0.197992652
29,12,Cz,0.09070677599999999,0.0327153085306104,0.073672178,0.104272166,5,0.925,0.8,0.197992652
29,19,TP7,0.083696452,0.003441700517610442,-0.012814706,0.092544974,5,0.925,0.8,0.197992652
29,11,FT8,0.08043294000000001,0.001314704377550336,-0.000697704,0.096173404,5,0.925,0.8,0.197992652
29,3,F3,0.079533972,0.01872112954726878,0.025177414,0.086074138,5,0.925,0.8,0.197992652
29,10,FT7,0.077076214,0.027691633818121494,-0.044958176,0.088277486,5,0.925,0.8,0.197992652
29,1,Fp2,0.073688452,0.01014106100786648,0.059682696,0.08931875,5,0.925,0.8,0.197992652
29,5,F7,0.073511602,0.02456847713842415,0.066907754,0.084860192,5,0.925,0.8,0.197992652
29,6,F8,0.072413798,0.01300263057554009,-0.018639746,0.076970544,5,0.925,0.8,0.197992652
29,9,FC4,0.068959912,0.023403822921896113,-0.06644770600000001,0.087323292,5,0.925,0.8,0.197992652
29,26,Oz,0.064649152,0.030107254100001715,0.033617716000000006,0.067186616,5,0.925,0.8,0.197992652
29,8,FC3,0.039999198,0.020876928235198298,0.007842838,0.04662973,5,0.925,0.8,0.197992652
3,21,Pz,0.155665216,0.005497436962542637,-0.00031335000000000043,0.15688304199999997,5,0.925,0.6,0.08495413399999999
3,28,O2,0.145248408,0.0017491451848745934,-0.023668243999999998,0.148349922,5,0.925,0.6,0.08495413399999999
3,16,T4,0.125409498,0.006455369575924373,0.023790622,0.140451218,5,0.925,0.6,0.08495413399999999
3,17,CP3,0.11994364799999999,0.001646961570671884,0.026611160000000002,0.13856849799999998,5,0.925,0.6,0.08495413399999999
3,15,T3,0.11978289599999999,0.016887343751828765,0.119260002,0.12866971,5,0.925,0.6,0.08495413399999999
3,27,O1,0.118748356,0.006861320148089575,0.057469232,0.129526182,5,0.925,0.6,0.08495413399999999
3,13,C3,0.11806668000000001,0.005158573214412096,0.07190904000000001,0.120166752,5,0.925,0.6,0.08495413399999999
3,23,P4,0.11400168799999999,0.020049677835990782,-0.095160224,0.125609986,5,0.925,0.6,0.08495413399999999
3,18,CP4,0.109782758,0.002568360375535331,0.033825118,0.127610636,5,0.925,0.6,0.08495413399999999
3,0,Fp1,0.10807984799999999,0.003375035654133155,-0.094029166,0.12051216000000001,5,0.925,0.6,0.08495413399999999
3,2,Fz,0.104748386,0.002086776712307763,-0.092472394,0.117377892,5,0.925,0.6,0.08495413399999999
3,22,P3,0.101854792,0.014268788846887814,0.099881606,0.11305478,5,0.925,0.6,0.08495413399999999
3,4,F4,0.09832975,0.0018297041666209424,0.010280512,0.112020656,5,0.925,0.6,0.08495413399999999
3,7,FCz,0.09817266599999999,0.0016386628017777242,0.095244542,0.112398934,5,0.925,0.6,0.08495413399999999
3,24,T5,0.09309782800000001,0.026160660875813514,0.066420692,0.101239086,5,0.925,0.6,0.08495413399999999
3,10,FT7,0.087226472,0.007699617510991701,-0.059188064,0.102913954,5,0.925,0.6,0.08495413399999999
3,20,TP8,0.085791982,0.007174291312807138,-0.054249868,0.103001962,5,0.925,0.6,0.08495413399999999
3,14,C4,0.085173452,0.0007344993078757784,-0.070012514,0.09544792199999999,5,0.925,0.6,0.08495413399999999
3,3,F3,0.08487948599999999,0.005637999693160684,0.031216,0.09105945,5,0.925,0.6,0.08495413399999999
3,5,F7,0.08402655,0.0005275430655880143,0.07823756,0.096281404,5,0.925,0.6,0.08495413399999999
3,25,T6,0.083575726,0.004817550428011111,-0.061067776,0.09596020400000001,5,0.925,0.6,0.08495413399999999
3,26,Oz,0.082202128,0.010389121982983937,0.048595478,0.084954566,5,0.925,0.6,0.08495413399999999
3,19,TP7,0.080852706,0.008118881788317895,-0.024924058,0.090471256,5,0.925,0.6,0.08495413399999999
3,12,Cz,0.076445832,0.002032023629112125,0.069206504,0.09079351,5,0.925,0.6,0.08495413399999999
3,1,Fp2,0.07541932999999999,0.005692225172597267,0.061783444,0.095287534,5,0.925,0.6,0.08495413399999999
3,11,FT8,0.07463673200000001,0.011408501288719739,-0.0006111360000000001,0.09195114800000001,5,0.925,0.6,0.08495413399999999
3,6,F8,0.074397122,0.007716362177300262,-0.02938383,0.078641514,5,0.925,0.6,0.08495413399999999
3,9,FC4,0.052694638,0.012147809677765783,-0.052694638,0.07155144399999999,5,0.925,0.6,0.08495413399999999
3,8,FC3,0.02846648,0.0070428231044127486,0.006560868,0.033860244,5,0.925,0.6,0.08495413399999999
30,7,FCz,0.144612714,0.02967429493123096,0.055213097999999995,0.160545848,5,0.55,0.0,0.827683292
30,18,CP4,0.140502692,0.03542166155814292,0.042954638,0.16949435799999998,5,0.55,0.0,0.827683292
30,23,P4,0.136288234,0.04264822594751896,-0.043223086,0.15574434399999998,5,0.55,0.0,0.827683292
30,14,C4,0.12725145,0.026924858668917837,-0.099491644,0.15229452999999998,5,0.55,0.0,0.827683292
30,28,O2,0.120912722,0.02486343918927288,-0.026618157999999996,0.13976046599999997,5,0.55,0.0,0.827683292
30,12,Cz,0.12051642600000001,0.03205893169398942,0.06584258,0.138769786,5,0.55,0.0,0.827683292
30,15,T3,0.112644598,0.019999052485469657,0.112644598,0.11629274199999999,5,0.55,0.0,0.827683292
30,16,T4,0.10558608,0.015717881950429904,0.033176694,0.11313617599999999,5,0.55,0.0,0.827683292
30,21,Pz,0.102649152,0.02358995077595585,-0.026998466,0.11279268199999999,5,0.55,0.0,0.827683292
30,0,Fp1,0.10124281800000001,0.010362154440311626,-0.097945398,0.117107148,5,0.55,0.0,0.827683292
30,27,O1,0.097497362,0.025239603306435307,0.033313172,0.109988046,5,0.55,0.0,0.827683292
30,17,CP3,0.095374156,0.03805413945455251,-0.01450587,0.110741282,5,0.55,0.0,0.827683292
30,2,Fz,0.095178744,0.012070279326211963,-0.093212976,0.11171754199999999,5,0.55,0.0,0.827683292
30,25,T6,0.093419504,0.028384799377250844,0.018740824,0.10639879000000001,5,0.55,0.0,0.827683292
30,19,TP7,0.08997350400000001,0.01143806606038495,-0.023861262,0.10275425599999999,5,0.55,0.0,0.827683292
30,9,FC4,0.08195247,0.019781948179758486,0.01004313,0.094071582,5,0.55,0.0,0.827683292
30,26,Oz,0.08124657199999999,0.042745510129543085,0.001085248,0.09231102399999999,5,0.55,0.0,0.827683292
30,13,C3,0.07826654000000001,0.039976631089661,-0.014598448,0.09509106,5,0.55,0.0,0.827683292
30,1,Fp2,0.07715604200000001,0.013344233218919699,0.077154272,0.11156351199999999,5,0.55,0.0,0.827683292
30,5,F7,0.07619642600000001,0.013785337845117549,0.061766973999999995,0.10457264,5,0.55,0.0,0.827683292
30,24,T5,0.074716958,0.03176490090010939,0.062230858,0.091652324,5,0.55,0.0,0.827683292
30,8,FC3,0.06814212,0.03889012649737463,-0.00926864,0.086793884,5,0.55,0.0,0.827683292
30,3,F3,0.068141562,0.01153541361680499,0.009998546,0.079284276,5,0.55,0.0,0.827683292
30,20,TP8,0.066052236,0.018876391178507344,-0.035212464,0.080345488,5,0.55,0.0,0.827683292
30,4,F4,0.065470934,0.01559724615579398,0.038211872,0.074450196,5,0.55,0.0,0.827683292
30,22,P3,0.064769586,0.014429395634177824,0.02038719,0.080307116,5,0.55,0.0,0.827683292
30,6,F8,0.055555596,0.018005562294074018,-0.008259382,0.06316878000000001,5,0.55,0.0,0.827683292
30,11,FT8,0.053961706,0.02551101826751296,0.006634696,0.05901508600000001,5,0.55,0.0,0.827683292
30,10,FT7,0.053424474,0.01041974827985446,-0.0030472259999999997,0.06665882,5,0.55,0.0,0.827683292
31,28,O2,0.14729829,0.02223480778991354,-0.012115638000000001,0.14881638400000002,5,0.725,0.2,0.3059341
31,21,Pz,0.143006446,0.03295714329344823,0.005709538,0.14417669800000002,5,0.725,0.2,0.3059341
31,16,T4,0.12392832000000001,0.02616134750428005,0.0165443,0.13899805999999998,5,0.725,0.2,0.3059341
31,18,CP4,0.12239764,0.01583854909078322,0.022406038,0.14152482000000002,5,0.725,0.2,0.3059341
31,15,T3,0.120692006,0.009906691087708345,0.11851041,0.13237342800000002,5,0.725,0.2,0.3059341
31,13,C3,0.12049598799999998,0.006689647396673452,0.0825692,0.13554265199999999,5,0.725,0.2,0.3059341
31,10,FT7,0.11151259200000001,0.020995382405942734,-0.077043416,0.12212690200000001,5,0.725,0.2,0.3059341
31,27,O1,0.10940204,0.012232585890466906,0.050613876,0.120334998,5,0.725,0.2,0.3059341
31,17,CP3,0.107083912,0.02554251186331662,-0.013331165999999997,0.131355146,5,0.725,0.2,0.3059341
31,25,T6,0.10639805,0.03245808197226848,-0.08978667,0.118926434,5,0.725,0.2,0.3059341
31,22,P3,0.10156619600000001,0.009856732465775866,0.10156619600000001,0.11270598800000001,5,0.725,0.2,0.3059341
31,2,Fz,0.10075935600000001,0.007044344065378264,-0.064835264,0.111412106,5,0.725,0.2,0.3059341
31,23,P4,0.100727724,0.007585883399840786,-0.078908616,0.11301069400000001,5,0.725,0.2,0.3059341
31,6,F8,0.098798762,0.04301538123305511,-0.024040468,0.10998005800000002,5,0.725,0.2,0.3059341
31,0,Fp1,0.098359538,0.023015589693233366,-0.075101984,0.106910146,5,0.725,0.2,0.3059341
31,4,F4,0.09291814400000001,0.022144744120816347,0.026265984000000003,0.102721014,5,0.725,0.2,0.3059341
31,19,TP7,0.089064196,0.019547393460300027,-0.017746248,0.101821864,5,0.725,0.2,0.3059341
31,3,F3,0.087817,0.004715951440759335,0.028175825999999998,0.10321658199999999,5,0.725,0.2,0.3059341
31,5,F7,0.08532609599999999,0.006306797838886227,0.075210798,0.09423348200000001,5,0.725,0.2,0.3059341
31,7,FCz,0.084909134,0.01827151497590525,0.081205696,0.09829733,5,0.725,0.2,0.3059341
31,24,T5,0.084276184,0.018778037790608743,0.055616957999999994,0.091576514,5,0.725,0.2,0.3059341
31,14,C4,0.08309936,0.006666139863522967,-0.05252827,0.094285506,5,0.725,0.2,0.3059341
31,20,TP8,0.081332666,0.011519937056524224,-0.042203058,0.095154028,5,0.725,0.2,0.3059341
31,26,Oz,0.08015460999999999,0.014180742140968858,0.05015043,0.086273316,5,0.725,0.2,0.3059341
31,11,FT8,0.078830142,0.010888511064563422,-0.010559188,0.09164652,5,0.725,0.2,0.3059341
31,12,Cz,0.07838927,0.0036829151032979346,0.072066814,0.090406488,5,0.725,0.2,0.3059341
31,1,Fp2,0.076575594,0.00877866288450753,0.046832814,0.09487409799999999,5,0.725,0.2,0.3059341
31,9,FC4,0.060020938,0.007171008027695274,-0.049416054,0.07624352599999999,5,0.725,0.2,0.3059341
31,8,FC3,0.03264413,0.008943881073127593,-0.01022757,0.043195046,5,0.725,0.2,0.3059341
32,21,Pz,0.173587622,0.022763118065347955,0.018101406,0.17830468,5,0.75,0.4,0.49925536400000003
32,18,CP4,0.14611795600000002,0.05219041543293348,0.045808128000000004,0.159030278,5,0.75,0.4,0.49925536400000003
32,14,C4,0.132882912,0.0542040120383295,-0.09685176599999999,0.147288504,5,0.75,0.4,0.49925536400000003
32,17,CP3,0.130050476,0.014169838466193956,-0.002621079999999998,0.15091668600000002,5,0.75,0.4,0.49925536400000003
32,28,O2,0.12958946799999999,0.021491892491455247,0.011654484000000001,0.135233676,5,0.75,0.4,0.49925536400000003
32,12,Cz,0.122413382,0.0645745256652441,0.057142968,0.141552434,5,0.75,0.4,0.49925536400000003
32,15,T3,0.11429215399999999,0.014621567987583626,0.07435203,0.12904675000000002,5,0.75,0.4,0.49925536400000003
32,22,P3,0.11139074200000001,0.028888162872130176,0.10173520600000001,0.13247994200000002,5,0.75,0.4,0.49925536400000003
32,24,T5,0.105816972,0.008516959319608726,0.066063032,0.121072544,5,0.75,0.4,0.49925536400000003
32,7,FCz,0.10535520000000001,0.008317854438988456,0.083819046,0.12272634600000001,5,0.75,0.4,0.49925536400000003
32,16,T4,0.103102388,0.025901423922979987,0.002816548,0.11319192,5,0.75,0.4,0.49925536400000003
32,19,TP7,0.10041484,0.029859565350877935,-0.032277995999999996,0.113690722,5,0.75,0.4,0.49925536400000003
32,0,Fp1,0.09379446799999999,0.02092888490666715,-0.07124303800000001,0.10647929199999999,5,0.75,0.4,0.49925536400000003
32,27,O1,0.09295445799999999,0.03811349877804149,0.011090581999999998,0.105764826,5,0.75,0.4,0.49925536400000003
32,2,Fz,0.092479358,0.021686466592511562,-0.05629765999999999,0.102562346,5,0.75,0.4,0.49925536400000003
32,23,P4,0.08860014199999999,0.02676820836008585,-0.07214717,0.107283724,5,0.75,0.4,0.49925536400000003
32,3,F3,0.086858466,0.02924174144255057,0.030580362,0.090409984,5,0.75,0.4,0.49925536400000003
32,4,F4,0.08605476599999999,0.02687766287541255,0.0235298,0.098524164,5,0.75,0.4,0.49925536400000003
32,20,TP8,0.08575015999999999,0.0270704848703371,-0.020541634,0.100092922,5,0.75,0.4,0.49925536400000003
32,13,C3,0.081323984,0.0323011352275006,0.032980848,0.09027215200000001,5,0.75,0.4,0.49925536400000003
32,11,FT8,0.080311082,0.006160730453044505,0.010046975999999999,0.099195886,5,0.75,0.4,0.49925536400000003
32,6,F8,0.076991528,0.009148286271360878,-0.041972792,0.085272752,5,0.75,0.4,0.49925536400000003
32,26,Oz,0.075836508,0.025087587682728087,0.026605849999999997,0.085863132,5,0.75,0.4,0.49925536400000003
32,10,FT7,0.072666336,0.032739080390228284,-0.037608037999999996,0.082389986,5,0.75,0.4,0.49925536400000003
32,25,T6,0.070619484,0.01250620434502931,-0.043543754000000004,0.08121484799999999,5,0.75,0.4,0.49925536400000003
32,1,Fp2,0.06932590000000001,0.01338555161715235,0.05635298799999999,0.08813926,5,0.75,0.4,0.49925536400000003
32,5,F7,0.06239518200000001,0.025636623188180812,0.05586040800000001,0.069968224,5,0.75,0.4,0.49925536400000003
32,9,FC4,0.056466576000000004,0.010938447553667291,-0.036938938,0.078426672,5,0.75,0.4,0.49925536400000003
32,8,FC3,0.045671006,0.018751042407309786,0.011443512,0.055650526,5,0.75,0.4,0.49925536400000003
33,21,Pz,0.15257052,0.0007529107301666014,0.005008984,0.152724038,5,0.9,0.8,0.02641536
33,28,O2,0.14295378200000003,0.00309258318118042,-0.022762218,0.14558092,5,0.9,0.8,0.02641536
33,15,T3,0.12505476399999998,0.0038708575735462,0.12505476399999998,0.130721592,5,0.9,0.8,0.02641536
33,16,T4,0.12355970599999999,0.0030955020382532486,0.01536036,0.136975252,5,0.9,0.8,0.02641536
33,17,CP3,0.12293483200000002,0.0035770138613611816,0.032364305999999995,0.140478952,5,0.9,0.8,0.02641536
33,27,O1,0.12066763,0.0027773684190344665,0.054475806,0.131119434,5,0.9,0.8,0.02641536
33,13,C3,0.11431208600000001,0.001220778270010571,0.071624612,0.11642820599999999,5,0.9,0.8,0.02641536
33,18,CP4,0.11046313599999999,0.00025757521916907515,0.033717106000000004,0.127403556,5,0.9,0.8,0.02641536
33,0,Fp1,0.10918461399999999,0.0014791542449082138,-0.093285274,0.12146111600000001,5,0.9,0.8,0.02641536
33,23,P4,0.107422294,0.005509063275242897,-0.094356582,0.119006904,5,0.9,0.8,0.02641536
33,22,P3,0.106944536,0.00199443704932745,0.106944536,0.11661534600000001,5,0.9,0.8,0.02641536
33,24,T5,0.106188256,0.0023267459744523034,0.073025736,0.11521857399999999,5,0.9,0.8,0.02641536
33,2,Fz,0.10344317,0.0004141927631550305,-0.09817545800000001,0.117094462,5,0.9,0.8,0.02641536
33,7,FCz,0.098312564,0.0016283621317385167,0.098312564,0.113305886,5,0.9,0.8,0.02641536
33,4,F4,0.09709251199999999,0.0014677067670928012,0.012607489999999999,0.10771361799999998,5,0.9,0.8,0.02641536
33,10,FT7,0.090949274,0.0013335270867627694,-0.058223704,0.105265992,5,0.9,0.8,0.02641536
33,20,TP8,0.088918182,0.0004397032462582035,-0.057586226,0.10745996799999999,5,0.9,0.8,0.02641536
33,14,C4,0.08830226199999999,0.004523405979294804,-0.075884454,0.09804761,5,0.9,0.8,0.02641536
33,19,TP7,0.0870763,0.005677333845393455,-0.019132082,0.097075952,5,0.9,0.8,0.02641536
33,3,F3,0.085078438,0.005061998468354169,0.026000626,0.09218858199999999,5,0.9,0.8,0.02641536
33,5,F7,0.084597712,0.0018317787188058495,0.080572442,0.098228126,5,0.9,0.8,0.02641536
33,25,T6,0.081085144,0.0007708823641646048,-0.06069293,0.092518216,5,0.9,0.8,0.02641536
33,11,FT8,0.079068522,0.002184001298115455,-0.004373874,0.09573668399999999,5,0.9,0.8,0.02641536
33,6,F8,0.078870914,0.0021893102017713248,-0.029292903999999998,0.08002981,5,0.9,0.8,0.02641536
33,1,Fp2,0.07857174,0.002213554971996402,0.062554752,0.09605903,5,0.9,0.8,0.02641536
33,26,Oz,0.077253114,0.000843019848123399,0.042319609999999994,0.07941267999999999,5,0.9,0.8,0.02641536
33,12,Cz,0.07651250400000001,0.0012362978599148337,0.075252374,0.091527838,5,0.9,0.8,0.02641536
33,9,FC4,0.05864728,0.0005647318222395488,-0.05864728,0.076944266,5,0.9,0.8,0.02641536
33,8,FC3,0.033224206,0.004733298046598166,0.006174832,0.039699932,5,0.9,0.8,0.02641536
34,17,CP3,0.16118492199999998,0.03695822095699913,0.005753253999999999,0.17769351,5,0.65,0.0,0.734777422
34,28,O2,0.139767438,0.02340131826715367,0.07457802599999999,0.147597316,5,0.65,0.0,0.734777422
34,7,FCz,0.12886243,0.024045841124215216,0.09968719000000001,0.14501479,5,0.65,0.0,0.734777422
34,20,TP8,0.12388821399999998,0.017881594811761894,-0.05530401,0.144945912,5,0.65,0.0,0.734777422
34,16,T4,0.12116178200000001,0.037391654393948925,0.024520458000000002,0.13841789599999998,5,0.65,0.0,0.734777422
34,23,P4,0.12067954,0.060730521524747755,-0.119709386,0.134785,5,0.65,0.0,0.734777422
34,18,CP4,0.11921651,0.009181452822176342,-0.004739350000000001,0.134586852,5,0.65,0.0,0.734777422
34,25,T6,0.116371568,0.06865620993123835,0.01564666,0.13531211199999998,5,0.65,0.0,0.734777422
34,15,T3,0.115790686,0.03357403805444142,0.090147244,0.128496836,5,0.65,0.0,0.734777422
34,13,C3,0.11157962399999999,0.023292783200977295,0.047338564,0.125105094,5,0.65,0.0,0.734777422
34,10,FT7,0.11085200799999999,0.011296136499417403,-0.008691029999999999,0.126841324,5,0.65,0.0,0.734777422
34,27,O1,0.107587218,0.014977457684405929,0.018403428,0.128657048,5,0.65,0.0,0.734777422
34,24,T5,0.09775376799999999,0.0261120805503156,0.052448304,0.10985657200000001,5,0.65,0.0,0.734777422
34,12,Cz,0.097593606,0.039777993592082804,0.079580066,0.11478173,5,0.65,0.0,0.734777422
34,2,Fz,0.08883155000000001,0.042804934036473535,-0.07963540399999999,0.10246859000000001,5,0.65,0.0,0.734777422
34,0,Fp1,0.08713717800000001,0.0331922098704782,-0.072572722,0.10199799000000001,5,0.65,0.0,0.734777422
34,4,F4,0.086070588,0.015429213352333293,0.03259322,0.09320666,5,0.65,0.0,0.734777422
34,3,F3,0.084669326,0.018738067197805644,0.020992726,0.097279102,5,0.65,0.0,0.734777422
34,19,TP7,0.078827328,0.009008169766121753,-0.030703788,0.094418468,5,0.65,0.0,0.734777422
34,22,P3,0.075722076,0.02025870338702183,0.0614297,0.09178348,5,0.65,0.0,0.734777422
34,21,Pz,0.075328794,0.029402516054325693,0.004462908,0.08724981000000001,5,0.65,0.0,0.734777422
34,11,FT8,0.07273450000000001,0.031003407868473908,-0.0064931500000000005,0.086586632,5,0.65,0.0,0.734777422
34,14,C4,0.071685386,0.01916612275423827,-0.010779184,0.081109598,5,0.65,0.0,0.734777422
34,26,Oz,0.06918206600000001,0.012983058052740505,0.033400566,0.0864996,5,0.65,0.0,0.734777422
34,6,F8,0.06125784199999999,0.020838979387643244,-0.033213836,0.068940716,5,0.65,0.0,0.734777422
34,9,FC4,0.057167142000000004,0.025899631258370647,-0.032366762,0.068383058,5,0.65,0.0,0.734777422
34,5,F7,0.05499047,0.019728759170358386,0.043520322,0.06351138199999999,5,0.65,0.0,0.734777422
34,1,Fp2,0.04535323,0.014874681308535654,0.03094671,0.05811176,5,0.65,0.0,0.734777422
34,8,FC3,0.043794148,0.016000126291738137,-0.014269862,0.05375131,5,0.65,0.0,0.734777422
35,26,Oz,0.154836592,0.07524579916890158,0.060030943999999996,0.163412146,5,0.75,0.4,0.596617588
35,18,CP4,0.13867223599999998,0.029350871124341097,0.056277912,0.151775934,5,0.75,0.4,0.596617588
35,16,T4,0.136370666,0.013612868022420184,0.024758816000000003,0.153266658,5,0.75,0.4,0.596617588
35,2,Fz,0.128379934,0.04392624473978261,-0.12223426200000001,0.143959006,5,0.75,0.4,0.596617588
35,21,Pz,0.11880365600000001,0.03679491706432262,-0.047858472,0.128313432,5,0.75,0.4,0.596617588
35,17,CP3,0.104988974,0.023973256242923697,0.040551114,0.12209788800000002,5,0.75,0.4,0.596617588
35,22,P3,0.10455408799999999,0.017162998623928453,0.098167,0.12054119,5,0.75,0.4,0.596617588
35,15,T3,0.10202861599999999,0.027326939761528914,0.09426351200000001,0.11697513200000001,5,0.75,0.4,0.596617588
35,28,O2,0.101242164,0.04328009879067722,-0.038689048000000004,0.11655336999999999,5,0.75,0.4,0.596617588
35,14,C4,0.100051092,0.02058402996722872,-0.031007034,0.121417684,5,0.75,0.4,0.596617588
35,27,O1,0.098791664,0.02625959338412973,0.04367668,0.11252237400000001,5,0.75,0.4,0.596617588
35,20,TP8,0.09612016,0.010430769729379986,-0.030394685999999997,0.11481710199999999,5,0.75,0.4,0.596617588
35,24,T5,0.09467787800000001,0.021862339785586077,0.030304142,0.10629715399999999,5,0.75,0.4,0.596617588
35,7,FCz,0.094574986,0.006398505423396157,0.087048556,0.10937941,5,0.75,0.4,0.596617588
35,10,FT7,0.09216727999999999,0.02279189419738847,-0.031258436,0.102249102,5,0.75,0.4,0.596617588
35,3,F3,0.092128126,0.022283719308878406,0.036697462,0.10552937600000001,5,0.75,0.4,0.596617588
35,13,C3,0.090008326,0.031315840772224685,0.035471461999999995,0.099474612,5,0.75,0.4,0.596617588
35,19,TP7,0.08847693599999999,0.029171558841164628,-0.005328066000000001,0.09747376599999999,5,0.75,0.4,0.596617588
35,25,T6,0.087907448,0.016666776441947917,-0.045658097999999994,0.097874016,5,0.75,0.4,0.596617588
35,0,Fp1,0.085229156,0.026372319011086796,-0.056932779999999995,0.10219832799999999,5,0.75,0.4,0.596617588
35,12,Cz,0.08487634399999999,0.014285420360016714,0.063514036,0.0985433,5,0.75,0.4,0.596617588
35,4,F4,0.07831210799999999,0.025338601702517446,0.008832662,0.092941724,5,0.75,0.4,0.596617588
35,5,F7,0.07656189799999999,0.03019800911811356,0.066629274,0.098779914,5,0.75,0.4,0.596617588
35,1,Fp2,0.073437712,0.0038902495842194976,0.044595952,0.093489156,5,0.75,0.4,0.596617588
35,23,P4,0.073396472,0.030437567825675884,-0.049566258,0.084900814,5,0.75,0.4,0.596617588
35,11,FT8,0.06608094,0.01400467377471357,0.004277267999999999,0.081102148,5,0.75,0.4,0.596617588
35,8,FC3,0.065870622,0.033290133419621046,0.003437316,0.07608737,5,0.75,0.4,0.596617588
35,6,F8,0.058855378,0.020994081106502853,-0.021990416000000002,0.064722376,5,0.75,0.4,0.596617588
35,9,FC4,0.044441068,0.014073555850664393,-0.026938016,0.054122458,5,0.75,0.4,0.596617588
36,21,Pz,0.153159294,0.0003093743026335765,0.006546498,0.153335214,5,1.0,1.0,0.008085146
36,28,O2,0.143636456,0.00020648779402181517,-0.02327461,0.14633874,5,1.0,1.0,0.008085146
36,15,T3,0.12691939,0.0002177356800113338,0.12691939,0.13212934199999998,5,1.0,1.0,0.008085146
36,27,O1,0.122551314,0.0003792684059211891,0.05623285,0.132818554,5,1.0,1.0,0.008085146
36,16,T4,0.12227799799999998,0.00018493944054743996,0.012982814,0.134503488,5,1.0,1.0,0.008085146
36,17,CP3,0.12109248800000001,9.292652619139315e-05,0.033255038,0.139638638,5,1.0,1.0,0.008085146
36,13,C3,0.115782638,0.0002081732042554889,0.072938424,0.117980622,5,1.0,1.0,0.008085146
36,18,CP4,0.110011032,0.0003120364193808079,0.033824252,0.126745004,5,1.0,1.0,0.008085146
36,0,Fp1,0.10997687199999999,0.0004011452074623341,-0.09566772800000001,0.12252573199999998,5,1.0,1.0,0.008085146
36,22,P3,0.108320674,0.0002733509952057976,0.108320674,0.117428742,5,1.0,1.0,0.008085146
36,24,T5,0.105137034,0.00017702325420690057,0.07384534000000001,0.114790174,5,1.0,1.0,0.008085146
36,23,P4,0.104659694,0.00022637607521555918,-0.093098554,0.116787024,5,1.0,1.0,0.008085146
36,2,Fz,0.10361848199999998,0.0003455308017673625,-0.09822748,0.11718329599999999,5,1.0,1.0,0.008085146
36,7,FCz,0.098581528,0.00032087758369820426,0.098581528,0.114329804,5,1.0,1.0,0.008085146
36,4,F4,0.097428116,0.00034270408179652956,0.012136992,0.107899378,5,1.0,1.0,0.008085146
36,10,FT7,0.09018077799999999,0.0003213654114400004,-0.058490624000000005,0.103935212,5,1.0,1.0,0.008085146
36,20,TP8,0.088689896,0.00021176829621073596,-0.059820746,0.10819461,5,1.0,1.0,0.008085146
36,3,F3,0.088314972,0.00020150166592363094,0.027883402,0.09511207,5,1.0,1.0,0.008085146
36,14,C4,0.08581203800000001,0.00023439605408368124,-0.07542676400000001,0.096303704,5,1.0,1.0,0.008085146
36,19,TP7,0.084140176,0.0003260144103103475,-0.018722736,0.093914252,5,1.0,1.0,0.008085146
36,5,F7,0.08399620599999999,0.0003647474635004294,0.081994908,0.09789674200000001,5,1.0,1.0,0.008085146
36,25,T6,0.08117432799999999,0.00024160787377484048,-0.06221041000000001,0.09245078799999999,5,1.0,1.0,0.008085146
36,11,FT8,0.08014528800000001,8.6513515244731e-05,-0.004182068,0.097180088,5,1.0,1.0,0.008085146
36,26,Oz,0.077701836,0.0001420229008998148,0.042606889999999994,0.080024874,5,1.0,1.0,0.008085146
36,1,Fp2,0.07757788,0.0003080480580201714,0.061534692,0.095344624,5,1.0,1.0,0.008085146
36,6,F8,0.077444792,0.00038362986265409754,-0.029716408,0.07835852400000001,5,1.0,1.0,0.008085146
36,12,Cz,0.077113978,0.0005535215795883602,0.075269072,0.092264456,5,1.0,1.0,0.008085146
36,9,FC4,0.058306748,0.0004845122853653959,-0.058306748,0.07674445199999999,5,1.0,1.0,0.008085146
36,8,FC3,0.031228568,0.00028652248998987923,0.0062183379999999995,0.037809793999999994,5,1.0,1.0,0.008085146
37,28,O2,0.15936350999999999,0.021044668771190003,0.054363567999999994,0.173406812,5,0.65,0.0,0.765986664
37,18,CP4,0.15449562,0.056159685029109646,0.14266674,0.17181774600000002,5,0.65,0.0,0.765986664
37,7,FCz,0.137503054,0.029457678279742792,0.09555807999999999,0.151835286,5,0.65,0.0,0.765986664
37,2,Fz,0.129401968,0.019837625147244062,-0.11397869599999999,0.154479462,5,0.65,0.0,0.765986664
37,15,T3,0.126834776,0.04374441379415068,0.11314267600000001,0.134476284,5,0.65,0.0,0.765986664
37,21,Pz,0.11814506,0.03757868529882133,7.994400000000124e-05,0.125507052,5,0.65,0.0,0.765986664
37,6,F8,0.11151077000000001,0.03702636446702606,-0.100547286,0.127805634,5,0.65,0.0,0.765986664
37,13,C3,0.11012285,0.018226324000679615,0.053924837999999996,0.14096435999999998,5,0.65,0.0,0.765986664
37,4,F4,0.105460972,0.025660006438509908,-0.023477416000000004,0.131488218,5,0.65,0.0,0.765986664
37,27,O1,0.099739228,0.018783730096658655,0.0074018639999999985,0.116675054,5,0.65,0.0,0.765986664
37,0,Fp1,0.096260596,0.04148739291823336,-0.075111094,0.10779379,5,0.65,0.0,0.765986664
37,17,CP3,0.095961162,0.022685715130250358,-0.006966979999999999,0.12116091799999999,5,0.65,0.0,0.765986664
37,24,T5,0.094735192,0.0523901874369807,0.010875234000000001,0.10669011800000001,5,0.65,0.0,0.765986664
37,3,F3,0.091051984,0.054419542242374476,0.06277246,0.100679618,5,0.65,0.0,0.765986664
37,16,T4,0.08588852,0.025761299852485122,0.032804162000000005,0.100757238,5,0.65,0.0,0.765986664
37,20,TP8,0.084531274,0.029478810164988507,-0.04872085799999999,0.103161908,5,0.65,0.0,0.765986664
37,19,TP7,0.08343429,0.04100063850816228,0.006202945999999998,0.098511716,5,0.65,0.0,0.765986664
37,5,F7,0.083252768,0.02551700298009388,0.080878212,0.107086258,5,0.65,0.0,0.765986664
37,22,P3,0.08178637799999999,0.03002069192110785,0.011781423999999997,0.089323732,5,0.65,0.0,0.765986664
37,12,Cz,0.08160195,0.02874484033733011,0.059054397999999994,0.093859128,5,0.65,0.0,0.765986664
37,9,FC4,0.074437926,0.031191359144888672,-0.065742966,0.09474218000000001,5,0.65,0.0,0.765986664
37,23,P4,0.07287708200000001,0.009464586402739424,-0.010843733999999999,0.078518462,5,0.65,0.0,0.765986664
37,1,Fp2,0.071830662,0.016052401541551967,-0.003804393999999999,0.083259848,5,0.65,0.0,0.765986664
37,11,FT8,0.068626004,0.0206647747087291,-0.0061727460000000015,0.087188396,5,0.65,0.0,0.765986664
37,26,Oz,0.064536046,0.022057366503699622,0.015279507999999997,0.075226258,5,0.65,0.0,0.765986664
37,10,FT7,0.064414976,0.02722615056607948,0.053899206,0.076101624,5,0.65,0.0,0.765986664
37,8,FC3,0.06248712599999999,0.01849301805701357,0.01189663,0.08393505999999999,5,0.65,0.0,0.765986664
37,14,C4,0.059956752,0.02500782668400675,0.0018771019999999999,0.073381402,5,0.65,0.0,0.765986664
37,25,T6,0.05535005,0.02288197348260307,-0.024684842,0.06250304799999999,5,0.65,0.0,0.765986664
38,23,P4,0.139877456,0.05157942147204959,-0.118968526,0.15572807800000002,5,0.625,0.0,0.646413608
38,21,Pz,0.130572858,0.020753262187631374,0.029179944000000003,0.138855738,5,0.625,0.0,0.646413608
38,27,O1,0.125281702,0.03385822206073467,0.06656171200000001,0.13314544,5,0.625,0.0,0.646413608
38,22,P3,0.12519112,0.013968010074983838,0.12519112,0.14221576200000002,5,0.625,0.0,0.646413608
38,11,FT8,0.114827656,0.010383328942149533,-0.012269836000000001,0.12788518,5,0.625,0.0,0.646413608
38,7,FCz,0.106330076,0.01923689479846293,0.093205792,0.11609011200000001,5,0.625,0.0,0.646413608
38,17,CP3,0.106288232,0.01988690763200428,-0.017043304000000002,0.137372658,5,0.625,0.0,0.646413608
38,18,CP4,0.10608838200000001,0.03456941669183572,0.028044982000000003,0.11431075800000001,5,0.625,0.0,0.646413608
38,2,Fz,0.104965526,0.027734394997070512,-0.09706724600000001,0.13133259000000003,5,0.625,0.0,0.646413608
38,16,T4,0.10471835999999998,0.011992001353925455,0.036502076,0.115441376,5,0.625,0.0,0.646413608
38,9,FC4,0.098853944,0.03599247774612468,-0.016939615999999998,0.11640622999999999,5,0.625,0.0,0.646413608
38,15,T3,0.09584898,0.006072548818712784,0.082967102,0.11540642599999999,5,0.625,0.0,0.646413608
38,3,F3,0.095788156,0.022842895281352363,0.011781719999999999,0.10547749,5,0.625,0.0,0.646413608
38,0,Fp1,0.095313612,0.03270683825664092,-0.09129071,0.11583725600000001,5,0.625,0.0,0.646413608
38,20,TP8,0.093903632,0.016890152314747494,-0.049240006,0.11042490599999999,5,0.625,0.0,0.646413608
38,14,C4,0.09337391,0.0335337017652801,-0.012391445999999999,0.106909564,5,0.625,0.0,0.646413608
38,28,O2,0.090846486,0.01618515981174051,-0.008805564000000002,0.10877937600000001,5,0.625,0.0,0.646413608
38,26,Oz,0.08962912199999999,0.014763570905587844,0.069282342,0.10400923399999999,5,0.625,0.0,0.646413608
38,4,F4,0.084261254,0.010170467781042818,0.05631073799999999,0.091626374,5,0.625,0.0,0.646413608
38,13,C3,0.08143109600000001,0.01798116774733582,-0.0023976660000000006,0.0940941,5,0.625,0.0,0.646413608
38,5,F7,0.078725104,0.018229802619350546,0.074006048,0.09610421,5,0.625,0.0,0.646413608
38,1,Fp2,0.067415924,0.012353166229154774,0.043699886,0.084677552,5,0.625,0.0,0.646413608
38,12,Cz,0.061596518,0.023192144515957774,0.056152959999999995,0.07087896,5,0.625,0.0,0.646413608
38,6,F8,0.06072158,0.016012577569171994,-0.0136793,0.07201491600000001,5,0.625,0.0,0.646413608
38,10,FT7,0.059392128,0.002764739689395733,-0.052032004,0.070859792,5,0.625,0.0,0.646413608
38,19,TP7,0.058177075999999994,0.00857889403449419,-0.036376462,0.072482044,5,0.625,0.0,0.646413608
38,24,T5,0.046108510000000005,0.03296021417104264,0.01346493,0.06060023,5,0.625,0.0,0.646413608
38,25,T6,0.045459453999999996,0.008777473800703138,-0.027643876,0.054711894000000004,5,0.625,0.0,0.646413608
38,8,FC3,0.038717926,0.01973124061221772,0.006118711999999999,0.04746963,5,0.625,0.0,0.646413608
39,21,Pz,0.13799488,0.033162119462768064,0.004134778,0.14114914,5,0.925,0.8,0.12499415
39,28,O2,0.13111996399999998,0.028462448607390233,-0.019663906,0.13475273599999998,5,0.925,0.8,0.12499415
39,15,T3,0.12809861,0.0030335874137973904,0.12809861,0.13298841,5,0.925,0.8,0.12499415
39,17,CP3,0.127021132,0.0126713104348394,0.03495715,0.146137342,5,0.925,0.8,0.12499415
39,16,T4,0.123537736,0.002767167697489607,0.01889437,0.136462664,5,0.925,0.8,0.12499415
39,27,O1,0.116164988,0.01334383885495736,0.046443718,0.130491382,5,0.925,0.8,0.12499415
39,0,Fp1,0.11409740400000001,0.008857454418879612,-0.10284581200000001,0.128821928,5,0.925,0.8,0.12499415
39,23,P4,0.11117852799999998,0.014495266916451375,-0.091306164,0.12159255399999999,5,0.925,0.8,0.12499415
39,18,CP4,0.11057526799999999,0.0004889026350102876,0.031911804,0.124995002,5,0.925,0.8,0.12499415
39,22,P3,0.106256062,0.005151264346689079,0.106256062,0.11743368400000001,5,0.925,0.8,0.12499415
39,13,C3,0.105849218,0.020224187766065414,0.06787522,0.110648126,5,0.925,0.8,0.12499415
39,2,Fz,0.097557766,0.01440292503612825,-0.09248305,0.112470704,5,0.925,0.8,0.12499415
39,10,FT7,0.096167512,0.013099022894871588,-0.049041193999999996,0.110385884,5,0.925,0.8,0.12499415
39,4,F4,0.095978528,0.003790775138961681,0.011396412,0.10666240199999999,5,0.925,0.8,0.12499415
39,7,FCz,0.095477674,0.007987213172329255,0.095477674,0.11016104600000001,5,0.925,0.8,0.12499415
39,24,T5,0.094253984,0.023713775568136128,0.0607773,0.10485960000000001,5,0.925,0.8,0.12499415
39,3,F3,0.08980996599999999,0.004987132864776121,0.023413898,0.09638413,5,0.925,0.8,0.12499415
39,11,FT8,0.08876338,0.019856801756359205,0.005902386,0.104121502,5,0.925,0.8,0.12499415
39,20,TP8,0.088354586,0.0004380762808347399,-0.056374855999999994,0.10560388999999999,5,0.925,0.8,0.12499415
39,14,C4,0.086755996,0.003258036227289376,-0.070983814,0.098335412,5,0.925,0.8,0.12499415
39,6,F8,0.086142204,0.018664495961321328,-0.019080428,0.088013356,5,0.925,0.8,0.12499415
39,19,TP7,0.08371323,0.0015379722062995823,-0.01600918,0.093162644,5,0.925,0.8,0.12499415
39,5,F7,0.081484024,0.006856232696771607,0.077680702,0.101558894,5,0.925,0.8,0.12499415
39,1,Fp2,0.080505516,0.006856181664095552,0.05099654,0.097204718,5,0.925,0.8,0.12499415
39,25,T6,0.077606218,0.007658323772188671,-0.059480548,0.088043998,5,0.925,0.8,0.12499415
39,26,Oz,0.07647045,0.0023064073253655807,0.047639192,0.080788766,5,0.925,0.8,0.12499415
39,12,Cz,0.076084488,0.0031853087089982386,0.06989426800000001,0.090484692,5,0.925,0.8,0.12499415
39,9,FC4,0.05531695,0.0056925711565996235,-0.048775014,0.072454778,5,0.925,0.8,0.12499415
39,8,FC3,0.039266670000000004,0.01807674136312599,-0.005780117999999999,0.04850308,5,0.925,0.8,0.12499415
4,21,Pz,0.148952882,0.018833573809289895,-0.0043459,0.153057864,5,0.85,0.6,0.35984721
4,13,C3,0.138233844,0.04443447095668891,0.041082936,0.147920834,5,0.85,0.6,0.35984721
4,28,O2,0.134918404,0.03463300930157716,-0.030667445999999998,0.148424114,5,0.85,0.6,0.35984721
4,17,CP3,0.13032604,0.03880818490485996,0.030434898,0.1507266,5,0.85,0.6,0.35984721
4,22,P3,0.11761623400000001,0.013809379902771882,0.11507321200000001,0.12869928000000003,5,0.85,0.6,0.35984721
4,15,T3,0.11342732199999998,0.021919278333842787,0.11202519199999998,0.12446444400000001,5,0.85,0.6,0.35984721
4,27,O1,0.109815928,0.0202094395737727,0.014221409999999999,0.119129328,5,0.85,0.6,0.35984721
4,20,TP8,0.108086718,0.04852723401569855,-0.057492473999999995,0.136226622,5,0.85,0.6,0.35984721
4,18,CP4,0.10576996000000001,0.015377167182239712,0.015498651999999998,0.11903418000000002,5,0.85,0.6,0.35984721
4,26,Oz,0.103353298,0.03673115805464103,0.08226647200000001,0.112346376,5,0.85,0.6,0.35984721
4,16,T4,0.10083954400000002,0.04683462588143446,0.013296807999999999,0.114008964,5,0.85,0.6,0.35984721
4,25,T6,0.10025110200000001,0.025610097394091848,-0.053994301999999994,0.120151114,5,0.85,0.6,0.35984721
4,14,C4,0.09916849800000001,0.021546496534635747,-0.051023598,0.11066454,5,0.85,0.6,0.35984721
4,2,Fz,0.095139252,0.01258434090755531,-0.069738904,0.10829543999999999,5,0.85,0.6,0.35984721
4,0,Fp1,0.088764648,0.029442553922413385,-0.072695196,0.10111406199999999,5,0.85,0.6,0.35984721
4,23,P4,0.086625202,0.026478816939156664,-0.074384234,0.102716754,5,0.85,0.6,0.35984721
4,24,T5,0.08578763199999999,0.02727679245933748,0.050718738,0.09476347199999999,5,0.85,0.6,0.35984721
4,4,F4,0.08506560199999999,0.031657690764462273,0.017913182,0.093887052,5,0.85,0.6,0.35984721
4,7,FCz,0.084843768,0.021249918496635933,0.065647682,0.097326676,5,0.85,0.6,0.35984721
4,3,F3,0.084841256,0.009037016651632332,-0.005323465999999999,0.09620356599999999,5,0.85,0.6,0.35984721
4,19,TP7,0.082719184,0.01385953320103639,-0.01990115,0.097062474,5,0.85,0.6,0.35984721
4,5,F7,0.08060687,0.01205724263941802,0.071841908,0.096548038,5,0.85,0.6,0.35984721
4,6,F8,0.076218266,0.0016036830013222696,0.007336126000000001,0.082466394,5,0.85,0.6,0.35984721
4,10,FT7,0.076191566,0.02024931199324634,-0.041638574,0.085637704,5,0.85,0.6,0.35984721
4,12,Cz,0.075650464,0.005198392848884162,0.07449391200000001,0.09411749,5,0.85,0.6,0.35984721
4,11,FT8,0.074750126,0.01186464090056374,0.0030343960000000004,0.09413191400000001,5,0.85,0.6,0.35984721
4,9,FC4,0.06756561400000001,0.014022706520740922,-0.05972634,0.086247472,5,0.85,0.6,0.35984721
4,1,Fp2,0.065191712,0.01786845855684452,0.05471064,0.082113666,5,0.85,0.6,0.35984721
4,8,FC3,0.036120908,0.008046318389115608,0.018133762,0.043884080000000006,5,0.85,0.6,0.35984721
40,17,CP3,0.176245552,0.03565661987802223,0.073780206,0.2024264,5,0.6,0.0,0.69859072
40,3,F3,0.148867116,0.020042092689592828,0.13865223799999998,0.168457272,5,0.6,0.0,0.69859072
40,27,O1,0.145917838,0.03573588390961905,0.109499086,0.162469128,5,0.6,0.0,0.69859072
40,22,P3,0.13700236400000002,0.029372321346346295,0.13700236400000002,0.14403037999999999,5,0.6,0.0,0.69859072
40,18,CP4,0.134356312,0.023430177396828858,0.097643134,0.160129756,5,0.6,0.0,0.69859072
40,28,O2,0.129479428,0.023626112546772694,-0.092362052,0.15121858999999999,5,0.6,0.0,0.69859072
40,15,T3,0.12629431,0.03165791999322603,0.122719632,0.138287518,5,0.6,0.0,0.69859072
40,16,T4,0.122755652,0.022527423001748783,-0.046599816,0.136800846,5,0.6,0.0,0.69859072
40,26,Oz,0.09992767999999999,0.032077468747936606,0.07890411,0.11964312400000002,5,0.6,0.0,0.69859072
40,21,Pz,0.093305728,0.014989566234743748,0.010960705999999999,0.10279950200000001,5,0.6,0.0,0.69859072
40,20,TP8,0.091411404,0.01135176723186659,0.002077801999999998,0.109619994,5,0.6,0.0,0.69859072
40,5,F7,0.086258164,0.032311461746833435,0.08523515000000001,0.103608856,5,0.6,0.0,0.69859072
40,13,C3,0.085925124,0.011959604178603906,0.045371576,0.10073018,5,0.6,0.0,0.69859072
40,25,T6,0.084717238,0.03541787480404661,-0.050805962,0.093829854,5,0.6,0.0,0.69859072
40,2,Fz,0.08069643600000001,0.03552841322690728,-0.05809232400000001,0.091604246,5,0.6,0.0,0.69859072
40,4,F4,0.077871782,0.032371537321373385,0.028062932000000002,0.08422044,5,0.6,0.0,0.69859072
40,6,F8,0.077447454,0.02236830551674914,-0.043250506,0.089202928,5,0.6,0.0,0.69859072
40,14,C4,0.075722568,0.01200192131242827,-0.073657032,0.090647742,5,0.6,0.0,0.69859072
40,10,FT7,0.073460104,0.02074040839750341,-0.046849176000000006,0.09360840200000001,5,0.6,0.0,0.69859072
40,23,P4,0.071822606,0.0234468439909752,-0.041337864,0.08074002599999999,5,0.6,0.0,0.69859072
40,0,Fp1,0.071506032,0.014586659911519148,-0.04428381199999999,0.081371812,5,0.6,0.0,0.69859072
40,7,FCz,0.07102209200000001,0.009872729050344696,0.040831346000000004,0.082835074,5,0.6,0.0,0.69859072
40,19,TP7,0.066794638,0.002674046998104186,-0.054827429999999996,0.07954116,5,0.6,0.0,0.69859072
40,24,T5,0.066064772,0.013101894036974959,-0.002677445999999999,0.07649563000000001,5,0.6,0.0,0.69859072
40,11,FT8,0.065984624,0.008147937535332484,-0.027232262,0.075387258,5,0.6,0.0,0.69859072
40,9,FC4,0.065661762,0.02387363734069172,-0.031984748,0.080445006,5,0.6,0.0,0.69859072
40,1,Fp2,0.062428368,0.010579864426722107,0.046398470000000004,0.07504843,5,0.6,0.0,0.69859072
40,12,Cz,0.061008534,0.017156717152804323,0.028452788,0.074592764,5,0.6,0.0,0.69859072
40,8,FC3,0.05518882199999999,0.02506206121648557,-0.0418814,0.062315574,5,0.6,0.0,0.69859072
41,28,O2,0.146045526,0.012624963345090546,-0.020091366,0.149583226,5,0.725,0.2,0.14977464000000001
41,21,Pz,0.144578668,0.010766644698071915,0.006491498,0.14647725,5,0.725,0.2,0.14977464000000001
41,15,T3,0.125298004,0.010296002131899558,0.125298004,0.13190301,5,0.725,0.2,0.14977464000000001
41,27,O1,0.124622932,0.00561004599759842,0.062193464,0.136265218,5,0.725,0.2,0.14977464000000001
41,17,CP3,0.123310862,0.0033754625755324204,0.014511236,0.141230192,5,0.725,0.2,0.14977464000000001
41,16,T4,0.121113384,0.005957165524217875,0.029450512,0.134250968,5,0.725,0.2,0.14977464000000001
41,18,CP4,0.11506851199999998,0.011766106977822776,0.036378761999999995,0.135769286,5,0.725,0.2,0.14977464000000001
41,24,T5,0.111221748,0.00645425603472391,0.080764222,0.122010218,5,0.725,0.2,0.14977464000000001
41,13,C3,0.11094443400000001,0.010650669705052823,0.063141684,0.11458506399999999,5,0.725,0.2,0.14977464000000001
41,0,Fp1,0.104707466,0.009255595293692891,-0.097538508,0.11944892199999999,5,0.725,0.2,0.14977464000000001
41,22,P3,0.10443627,0.022357082096762994,0.10443627,0.115087008,5,0.725,0.2,0.14977464000000001
41,20,TP8,0.101533724,0.0165849236579063,-0.053884376,0.12060707,5,0.725,0.2,0.14977464000000001
41,3,F3,0.09555303,0.01341033539537882,0.032947567999999997,0.101135986,5,0.725,0.2,0.14977464000000001
41,4,F4,0.09543373200000001,0.01652427811330861,0.009022296,0.10813320200000001,5,0.725,0.2,0.14977464000000001
41,2,Fz,0.095028172,0.009926356689214828,-0.089772622,0.110022068,5,0.725,0.2,0.14977464000000001
41,7,FCz,0.09264011400000001,0.016437106763520764,0.091695362,0.10463981,5,0.725,0.2,0.14977464000000001
41,23,P4,0.09046223,0.019217515093098016,-0.081521988,0.100725906,5,0.725,0.2,0.14977464000000001
41,11,FT8,0.089759612,0.013404970162386414,0.0032121859999999997,0.10567749,5,0.725,0.2,0.14977464000000001
41,19,TP7,0.08753459999999999,0.005833822030461679,-0.017171368,0.098028156,5,0.725,0.2,0.14977464000000001
41,10,FT7,0.085969984,0.011099630574056508,-0.061383454000000004,0.098139008,5,0.725,0.2,0.14977464000000001
41,14,C4,0.08164556,0.003957596015032357,-0.065229264,0.09527113200000001,5,0.725,0.2,0.14977464000000001
41,26,Oz,0.08053022800000001,0.004204567009011749,0.04530248,0.08362927,5,0.725,0.2,0.14977464000000001
41,25,T6,0.079888458,0.003433306160462535,-0.058530898,0.09083584,5,0.725,0.2,0.14977464000000001
41,1,Fp2,0.079694456,0.0039334351909533225,0.043582262,0.096886432,5,0.725,0.2,0.14977464000000001
41,5,F7,0.078788802,0.005656718249503856,0.075552078,0.093127514,5,0.725,0.2,0.14977464000000001
41,6,F8,0.076651176,0.003428641977303845,-0.022394900000000002,0.080082542,5,0.725,0.2,0.14977464000000001
41,12,Cz,0.069071878,0.013135756495524722,0.068194322,0.08571567,5,0.725,0.2,0.14977464000000001
41,9,FC4,0.053027502000000004,0.007008300490266522,-0.046600960000000004,0.067725118,5,0.725,0.2,0.14977464000000001
41,8,FC3,0.032321478,0.006163429543895996,0.007012438,0.04247905,5,0.725,0.2,0.14977464000000001
42,17,CP3,0.146424306,0.03565797385002028,0.032243884,0.165860226,5,0.825,0.4,0.44745792399999995
42,21,Pz,0.12925836799999998,0.032971896682598804,-0.004520284000000001,0.132114378,5,0.825,0.4,0.44745792399999995
42,18,CP4,0.123857452,0.017291586277908968,0.028758070000000004,0.13694779399999998,5,0.825,0.4,0.44745792399999995
42,28,O2,0.11978765200000001,0.03796223076553683,-0.019168226,0.127199438,5,0.825,0.4,0.44745792399999995
42,13,C3,0.113154346,0.01919129897511709,0.071465474,0.128057956,5,0.825,0.4,0.44745792399999995
42,27,O1,0.11294737399999999,0.017405776191116266,0.021501378,0.121933014,5,0.825,0.4,0.44745792399999995
42,16,T4,0.108874904,0.017928406043472747,0.013110054,0.122595202,5,0.825,0.4,0.44745792399999995
42,22,P3,0.10810672399999999,0.009114400293306745,0.09693301,0.121861136,5,0.825,0.4,0.44745792399999995
42,7,FCz,0.104090192,0.021071197082341328,0.09010290600000001,0.12597004,5,0.825,0.4,0.44745792399999995
42,2,Fz,0.10328486,0.02069235130169358,-0.06029017,0.11539703800000001,5,0.825,0.4,0.44745792399999995
42,11,FT8,0.10188763199999999,0.03013021004171013,0.047596836,0.123195546,5,0.825,0.4,0.44745792399999995
42,15,T3,0.100952554,0.035832357312583135,0.08408874200000001,0.108265864,5,0.825,0.4,0.44745792399999995
42,14,C4,0.10077339599999999,0.021707614874336843,-0.044252269999999996,0.11740452799999998,5,0.825,0.4,0.44745792399999995
42,0,Fp1,0.099371666,0.014347057056897768,-0.080855552,0.108556758,5,0.825,0.4,0.44745792399999995
42,23,P4,0.099053128,0.013465499293229715,-0.087571514,0.110505272,5,0.825,0.4,0.44745792399999995
42,26,Oz,0.095088464,0.03459670986319407,0.04236792,0.099198524,5,0.825,0.4,0.44745792399999995
42,5,F7,0.093331882,0.01303172458707864,0.072745718,0.109258924,5,0.825,0.4,0.44745792399999995
42,25,T6,0.092715194,0.01744303441114332,-0.019228173999999997,0.106027964,5,0.825,0.4,0.44745792399999995
42,24,T5,0.08927711,0.02373491026366121,0.058747092,0.10467426399999999,5,0.825,0.4,0.44745792399999995
42,20,TP8,0.08772063999999999,0.00537798245677689,-0.044560648,0.10237608000000001,5,0.825,0.4,0.44745792399999995
42,8,FC3,0.08534645199999999,0.08349391349722368,-0.048566886000000004,0.10245791599999998,5,0.825,0.4,0.44745792399999995
42,3,F3,0.080819376,0.009107483291399989,0.026580078,0.08705723800000001,5,0.825,0.4,0.44745792399999995
42,10,FT7,0.079779144,0.01971900260240436,-0.035463336,0.092832782,5,0.825,0.4,0.44745792399999995
42,19,TP7,0.07966440999999999,0.012867040556301206,-0.014137199999999999,0.086739956,5,0.825,0.4,0.44745792399999995
42,6,F8,0.078150416,0.009883029275355303,-0.019031992,0.083030256,5,0.825,0.4,0.44745792399999995
42,4,F4,0.07759212600000001,0.027209683037520485,-0.00014135999999999974,0.087021234,5,0.825,0.4,0.44745792399999995
42,12,Cz,0.072942378,0.009774097857706356,0.030043268,0.087915474,5,0.825,0.4,0.44745792399999995
42,1,Fp2,0.06306309,0.022140759635516122,0.048272638,0.076081714,5,0.825,0.4,0.44745792399999995
42,9,FC4,0.055311387999999996,0.012119995673653104,-0.018720352000000003,0.068884724,5,0.825,0.4,0.44745792399999995
43,21,Pz,0.152694172,0.00027725880413432625,0.006876604,0.152880954,5,1.0,1.0,0.007602243999999999
43,28,O2,0.14445106000000002,0.00039990941280495444,-0.023715536000000002,0.147170622,5,1.0,1.0,0.007602243999999999
43,15,T3,0.127110322,0.00030966662230533985,0.127110322,0.132390932,5,1.0,1.0,0.007602243999999999
43,16,T4,0.122205038,0.0003008339696078235,0.013132536,0.134600604,5,1.0,1.0,0.007602243999999999
43,27,O1,0.12194332999999999,0.0004141757040798008,0.05633667,0.132405686,5,1.0,1.0,0.007602243999999999
43,17,CP3,0.12074958799999999,0.0004258926929051461,0.033065672000000004,0.13938701199999998,5,1.0,1.0,0.007602243999999999
43,13,C3,0.115778482,0.0002212847184511365,0.072477952,0.117989402,5,1.0,1.0,0.007602243999999999
43,18,CP4,0.110538422,0.0003894711814370884,0.034634072,0.127235832,5,1.0,1.0,0.007602243999999999
43,0,Fp1,0.109809848,0.00027199985297789685,-0.095829286,0.12245220400000001,5,1.0,1.0,0.007602243999999999
43,22,P3,0.10825470200000001,0.00018961781013396124,0.10825470200000001,0.117348486,5,1.0,1.0,0.007602243999999999
43,24,T5,0.104900368,0.0002480370746884428,0.073397618,0.11432977200000001,5,1.0,1.0,0.007602243999999999
43,23,P4,0.10439916,0.0001629730967061686,-0.092858002,0.116420532,5,1.0,1.0,0.007602243999999999
43,2,Fz,0.103872232,0.00021160401820381202,-0.09812188,0.11724571400000001,5,1.0,1.0,0.007602243999999999
43,7,FCz,0.099072468,0.0004135453130794794,0.099072468,0.114435192,5,1.0,1.0,0.007602243999999999
43,4,F4,0.097872704,0.0002721566786430225,0.012475482,0.108148836,5,1.0,1.0,0.007602243999999999
43,10,FT7,0.09064121,0.00033655380290526844,-0.05826950399999999,0.10445525600000001,5,1.0,1.0,0.007602243999999999
43,20,TP8,0.088871758,0.00015282951537579393,-0.059199369999999994,0.108044286,5,1.0,1.0,0.007602243999999999
43,3,F3,0.087462384,0.0003383406759909311,0.027566866000000002,0.09427675399999999,5,1.0,1.0,0.007602243999999999
43,14,C4,0.085972084,0.00042751294375726175,-0.075493422,0.096491566,5,1.0,1.0,0.007602243999999999
43,19,TP7,0.084140846,0.00044744058100489893,-0.01890068,0.09406991,5,1.0,1.0,0.007602243999999999
43,5,F7,0.084070936,0.000474552362843142,0.082098048,0.0979341,5,1.0,1.0,0.007602243999999999
43,25,T6,0.08149601199999999,0.00038978832187484434,-0.062235206,0.09251233,5,1.0,1.0,0.007602243999999999
43,11,FT8,0.080057548,0.0003056383695971453,-0.003943486,0.096872288,5,1.0,1.0,0.007602243999999999
43,6,F8,0.077801698,0.00031543042476907837,-0.029996098,0.07868165199999999,5,1.0,1.0,0.007602243999999999
43,26,Oz,0.07766366799999999,0.0005344223529849748,0.042211356,0.07996571,5,1.0,1.0,0.007602243999999999
43,12,Cz,0.07758913599999999,0.00030393742485913,0.07595168999999999,0.093055308,5,1.0,1.0,0.007602243999999999
43,1,Fp2,0.077390974,0.00029468883526526877,0.061023148000000006,0.095195346,5,1.0,1.0,0.007602243999999999
43,9,FC4,0.05849053,0.0002756418900493918,-0.05849053,0.076681916,5,1.0,1.0,0.007602243999999999
43,8,FC3,0.03039151,0.000248084342109695,0.0058419100000000005,0.036922215999999994,5,1.0,1.0,0.007602243999999999
44,21,Pz,0.14341690599999998,0.014678703979392384,-0.0007101739999999995,0.145310006,5,0.775,0.2,0.27541913
44,28,O2,0.135256796,0.017456428825028333,-0.022059762,0.14027745200000002,5,0.775,0.2,0.27541913
44,13,C3,0.135139104,0.02412355508750793,0.091796022,0.14087540999999998,5,0.775,0.2,0.27541913
44,17,CP3,0.130342862,0.02149903326113688,-0.004325466000000002,0.14972899,5,0.775,0.2,0.27541913
44,15,T3,0.121885186,0.019228696233107696,0.121885186,0.12867272000000002,5,0.775,0.2,0.27541913
44,22,P3,0.11974811199999999,0.015600056830792962,0.11974811199999999,0.130870712,5,0.775,0.2,0.27541913
44,16,T4,0.11664997399999999,0.021353810893678445,0.023813166,0.131052636,5,0.775,0.2,0.27541913
44,10,FT7,0.11429645399999999,0.031102559921523026,-0.09308607999999999,0.138243728,5,0.775,0.2,0.27541913
44,14,C4,0.105885546,0.03886025826825435,-0.091340876,0.119053396,5,0.775,0.2,0.27541913
44,7,FCz,0.101852468,0.010026131095126876,0.07659183,0.115609516,5,0.775,0.2,0.27541913
44,2,Fz,0.10184491199999998,0.02341141425171747,-0.069720222,0.11725512199999999,5,0.775,0.2,0.27541913
44,24,T5,0.100335434,0.011003921193762251,0.070080146,0.112911118,5,0.775,0.2,0.27541913
44,18,CP4,0.09940007,0.015408092469913329,0.016512350000000002,0.11316109,5,0.775,0.2,0.27541913
44,0,Fp1,0.099069262,0.011116770556180868,-0.08617303800000001,0.11113957199999999,5,0.775,0.2,0.27541913
44,27,O1,0.09853905199999999,0.034855658340171555,0.0510685,0.109624312,5,0.775,0.2,0.27541913
44,23,P4,0.09793582599999999,0.016851807759699848,-0.093646976,0.11192559399999999,5,0.775,0.2,0.27541913
44,20,TP8,0.09762909,0.009718581888789126,-0.064232712,0.120291776,5,0.775,0.2,0.27541913
44,5,F7,0.09745874800000001,0.02472703480402917,0.09322633,0.109865226,5,0.775,0.2,0.27541913
44,4,F4,0.095484348,0.026028829782696147,0.027397130000000002,0.10473700799999999,5,0.775,0.2,0.27541913
44,11,FT8,0.090953178,0.012957594514705264,0.012022106,0.10799799800000001,5,0.775,0.2,0.27541913
44,12,Cz,0.088408986,0.015696500738509523,0.08580328000000001,0.10382658199999999,5,0.775,0.2,0.27541913
44,19,TP7,0.08690797800000001,0.022742830725002553,-0.035380744000000006,0.10136432799999999,5,0.775,0.2,0.27541913
44,3,F3,0.08618674,0.004334688600707088,0.047449297999999994,0.09228576000000001,5,0.775,0.2,0.27541913
44,6,F8,0.07865762400000001,0.005304063429308703,-0.028545951999999996,0.081239068,5,0.775,0.2,0.27541913
44,26,Oz,0.071071458,0.015110826835683745,0.04660671,0.080111662,5,0.775,0.2,0.27541913
44,25,T6,0.070840612,0.016437864399578186,-0.059861684000000005,0.08285614999999999,5,0.775,0.2,0.27541913
44,1,Fp2,0.06755495,0.022425251726927168,0.053748392,0.08116032399999999,5,0.775,0.2,0.27541913
44,9,FC4,0.057822286,0.014703633251037993,-0.05115649600000001,0.075864806,5,0.775,0.2,0.27541913
44,8,FC3,0.03872435,0.013810502946685177,-0.0011111919999999998,0.046557678,5,0.775,0.2,0.27541913
45,13,C3,0.17100442,0.04696790561814524,0.128382984,0.192124268,5,0.7,0.0,0.906971916
45,18,CP4,0.1379391,0.03273735986228043,0.061414464,0.153483938,5,0.7,0.0,0.906971916
45,24,T5,0.136292094,0.04278310816853515,0.094524844,0.146834458,5,0.7,0.0,0.906971916
45,7,FCz,0.12930486400000002,0.028520970661386695,0.09260222,0.153514574,5,0.7,0.0,0.906971916
45,12,Cz,0.120128182,0.04440296292475052,-0.063101286,0.13803796,5,0.7,0.0,0.906971916
45,21,Pz,0.11939819200000001,0.020560094381770727,-0.016939175999999997,0.127833742,5,0.7,0.0,0.906971916
45,28,O2,0.1164253,0.014031406779915195,0.0037206179999999993,0.12404695000000002,5,0.7,0.0,0.906971916
45,8,FC3,0.11537478400000001,0.06825704470621351,0.029232952,0.13470843,5,0.7,0.0,0.906971916
45,2,Fz,0.10998813,0.05026078591565695,-0.096810044,0.126257358,5,0.7,0.0,0.906971916
45,25,T6,0.101787404,0.037327626035024375,-0.07777482999999999,0.11243562200000001,5,0.7,0.0,0.906971916
45,14,C4,0.10103739199999999,0.008198907626429266,-0.08620146,0.12346503,5,0.7,0.0,0.906971916
45,5,F7,0.09903286,0.025076327949390836,0.08250343,0.10845363400000001,5,0.7,0.0,0.906971916
45,16,T4,0.098146288,0.01411854644623765,0.04042328,0.11219364000000001,5,0.7,0.0,0.906971916
45,10,FT7,0.095776202,0.012320352748587197,-0.03217438,0.108428766,5,0.7,0.0,0.906971916
45,15,T3,0.09445364199999999,0.04535229771962795,0.06119096,0.11258236799999999,5,0.7,0.0,0.906971916
45,27,O1,0.092365426,0.008281737077273098,-0.004929298,0.106709966,5,0.7,0.0,0.906971916
45,17,CP3,0.09038105,0.02757309840767084,-0.0013844459999999997,0.10479032399999999,5,0.7,0.0,0.906971916
45,4,F4,0.090354906,0.017666384331218712,-0.031788442,0.122938934,5,0.7,0.0,0.906971916
45,20,TP8,0.088765442,0.03589070333670364,-0.036799884,0.10397947999999999,5,0.7,0.0,0.906971916
45,19,TP7,0.087315206,0.02027663457056003,-0.019099022,0.10374770600000001,5,0.7,0.0,0.906971916
45,3,F3,0.08079943199999999,0.023388835639939834,0.016140318,0.09508319400000001,5,0.7,0.0,0.906971916
45,26,Oz,0.076128028,0.012495899280798884,0.055970516000000005,0.08376966799999999,5,0.7,0.0,0.906971916
45,6,F8,0.07346676599999999,0.018335957992378804,-0.071695278,0.089427884,5,0.7,0.0,0.906971916
45,23,P4,0.072455468,0.0471354652097836,0.03967884,0.07890623199999999,5,0.7,0.0,0.906971916
45,9,FC4,0.068786806,0.021626494020982233,-0.01869285,0.0864516,5,0.7,0.0,0.906971916
45,22,P3,0.061160214000000004,0.01568082393929222,0.050320018,0.073056066,5,0.7,0.0,0.906971916
45,0,Fp1,0.058299277999999996,0.019493791977635337,-0.025826487999999998,0.072178628,5,0.7,0.0,0.906971916
45,11,FT8,0.054030350000000005,0.021476789915746256,0.017182120000000002,0.065404054,5,0.7,0.0,0.906971916
45,1,Fp2,0.043846262000000004,0.009410111071250437,0.016519566,0.051536172000000005,5,0.7,0.0,0.906971916
46,15,T3,0.15186245199999998,0.03480319376002971,0.15186245199999998,0.16186053,5,0.9,0.6,0.356424048
46,28,O2,0.130456894,0.02066930125640753,-0.016415891999999998,0.13993989,5,0.9,0.6,0.356424048
46,21,Pz,0.12952033000000002,0.03246457208906581,0.016753364,0.136308458,5,0.9,0.6,0.356424048
46,17,CP3,0.120083558,0.02359829926774322,0.0035273440000000004,0.138990518,5,0.9,0.6,0.356424048
46,22,P3,0.115987752,0.011485101085067562,0.086618604,0.125062064,5,0.9,0.6,0.356424048
46,27,O1,0.11391285199999998,0.010576427144497807,0.046969984000000006,0.125748906,5,0.9,0.6,0.356424048
46,18,CP4,0.109920306,0.0065708782740117756,0.021548874000000003,0.129643122,5,0.9,0.6,0.356424048
46,13,C3,0.10780655800000001,0.019099808831831794,0.06112850399999999,0.11486023599999999,5,0.9,0.6,0.356424048
46,16,T4,0.10567151,0.024672721911198816,0.011752433999999997,0.119251434,5,0.9,0.6,0.356424048
46,10,FT7,0.105406056,0.020987093996341657,-0.085635728,0.12009386,5,0.9,0.6,0.356424048
46,2,Fz,0.09524384799999999,0.012656452745681552,-0.085578936,0.112315724,5,0.9,0.6,0.356424048
46,11,FT8,0.093755964,0.019664855210032185,0.019728015999999998,0.11286346600000001,5,0.9,0.6,0.356424048
46,14,C4,0.09337032,0.024421332230396442,-0.06396561399999999,0.10736306799999999,5,0.9,0.6,0.356424048
46,0,Fp1,0.09180313799999999,0.024638180137741918,-0.055258904,0.103889428,5,0.9,0.6,0.356424048
46,24,T5,0.089287472,0.03086950713284665,0.04007515,0.101499784,5,0.9,0.6,0.356424048
46,12,Cz,0.088682054,0.021234159640765866,0.087706318,0.099976848,5,0.9,0.6,0.356424048
46,19,TP7,0.088501438,0.018649526116198505,-0.038740002,0.102892698,5,0.9,0.6,0.356424048
46,4,F4,0.082698406,0.025333466803013363,0.006306666,0.093523072,5,0.9,0.6,0.356424048
46,20,TP8,0.082429034,0.009531295719705695,-0.037428604,0.099380138,5,0.9,0.6,0.356424048
46,23,P4,0.08222851,0.03354770121912007,-0.062998764,0.092099026,5,0.9,0.6,0.356424048
46,3,F3,0.081260184,0.025221768717869096,0.042548066,0.08861712000000001,5,0.9,0.6,0.356424048
46,8,FC3,0.080446932,0.07074029223690392,-0.013259864,0.08995681600000001,5,0.9,0.6,0.356424048
46,25,T6,0.080388516,0.024027561246038474,-0.05026841,0.09102041000000001,5,0.9,0.6,0.356424048
46,26,Oz,0.080270644,0.013337585872571922,0.056819894,0.086832162,5,0.9,0.6,0.356424048
46,1,Fp2,0.0761389,0.011236481230142729,0.05638339999999999,0.09100760199999999,5,0.9,0.6,0.356424048
46,9,FC4,0.073392388,0.025981331597567707,-0.048531406,0.09379306800000001,5,0.9,0.6,0.356424048
46,7,FCz,0.073294206,0.034697183063979856,0.0721088,0.084964946,5,0.9,0.6,0.356424048
46,5,F7,0.070724308,0.029875154587058958,0.06401535,0.080011764,5,0.9,0.6,0.356424048
46,6,F8,0.068566408,0.02121334004684953,-0.03277601,0.07814905,5,0.9,0.6,0.356424048
47,21,Pz,0.155655392,0.004475100136166787,0.017775308,0.161357204,5,0.925,0.4,0.313806748
47,28,O2,0.131308536,0.021757322007339968,-0.007932928,0.135730666,5,0.925,0.4,0.313806748
47,13,C3,0.129413922,0.023276503324420744,0.103484154,0.142220386,5,0.925,0.4,0.313806748
47,17,CP3,0.125670904,0.012962110131966553,0.030397294,0.144416628,5,0.925,0.4,0.313806748
47,2,Fz,0.124734384,0.029267007194219218,-0.121717582,0.137203096,5,0.925,0.4,0.313806748
47,14,C4,0.120429312,0.050283178953369895,-0.06581633,0.134217808,5,0.925,0.4,0.313806748
47,15,T3,0.11916502799999999,0.011298519368626143,0.11698227400000001,0.129725396,5,0.925,0.4,0.313806748
47,7,FCz,0.117073118,0.031221205190702844,0.107320746,0.13548516,5,0.925,0.4,0.313806748
47,23,P4,0.11071512800000001,0.00919849312474983,-0.09266331,0.12534854,5,0.925,0.4,0.313806748
47,27,O1,0.107644306,0.0197442940841672,0.054636592,0.12006773,5,0.925,0.4,0.313806748
47,16,T4,0.10254012800000001,0.02685717816398011,0.012211868,0.115055444,5,0.925,0.4,0.313806748
47,18,CP4,0.09757919000000001,0.024555123469476796,0.038317628000000006,0.11079053800000001,5,0.925,0.4,0.313806748
47,0,Fp1,0.09685196,0.01994501201977953,-0.07747288999999999,0.108828956,5,0.925,0.4,0.313806748
47,5,F7,0.09378468799999999,0.026850501718528832,0.076023214,0.107592858,5,0.925,0.4,0.313806748
47,19,TP7,0.092632966,0.03639152977640373,-0.033075182,0.104541836,5,0.925,0.4,0.313806748
47,3,F3,0.091642092,0.008267562981953629,0.014541021999999997,0.10229086600000001,5,0.925,0.4,0.313806748
47,22,P3,0.089612548,0.025865869366308185,0.069405614,0.097945328,5,0.925,0.4,0.313806748
47,10,FT7,0.087916586,0.011097268619747384,-0.061347759999999994,0.101641534,5,0.925,0.4,0.313806748
47,20,TP8,0.085635532,0.005449570985368483,-0.053695530000000005,0.101963608,5,0.925,0.4,0.313806748
47,4,F4,0.085252212,0.019536805727649546,0.027432592,0.096094504,5,0.925,0.4,0.313806748
47,24,T5,0.084631334,0.02847724070873581,0.057480425999999994,0.09847196999999999,5,0.925,0.4,0.313806748
47,25,T6,0.082107096,0.02753430530963202,-0.05383814,0.094628348,5,0.925,0.4,0.313806748
47,11,FT8,0.080225772,0.010963573838797728,0.01732667,0.093940142,5,0.925,0.4,0.313806748
47,26,Oz,0.07975274,0.009156526557150373,0.010042036,0.083218342,5,0.925,0.4,0.313806748
47,12,Cz,0.077517454,0.015090426149314997,0.036824763999999996,0.094737034,5,0.925,0.4,0.313806748
47,6,F8,0.069680282,0.010867149198325663,-0.0023444119999999997,0.07778459600000001,5,0.925,0.4,0.313806748
47,1,Fp2,0.06911337399999999,0.01408168885855422,0.047534568,0.082622368,5,0.925,0.4,0.313806748
47,9,FC4,0.067393614,0.017804180687436312,-0.047329702,0.08312604999999999,5,0.925,0.4,0.313806748
47,8,FC3,0.04864133,0.028882287337328397,0.02165442,0.05893588600000001,5,0.925,0.4,0.313806748
48,21,Pz,0.171111472,0.04665819293538886,-0.015543735999999999,0.175949662,5,0.725,0.2,0.392928018
48,28,O2,0.133669126,0.037380272748738466,-0.019752377999999998,0.14308285999999998,5,0.725,0.2,0.392928018
48,16,T4,0.13000506,0.010778699973763062,-0.017016666000000003,0.153493598,5,0.725,0.2,0.392928018
48,7,FCz,0.11527274000000001,0.022689921674004288,0.052425332000000005,0.12888201,5,0.725,0.2,0.392928018
48,22,P3,0.113631984,0.010445298059444262,0.113631984,0.122369208,5,0.725,0.2,0.392928018
48,27,O1,0.113244058,0.017950730429914824,0.037573155999999996,0.132028842,5,0.725,0.2,0.392928018
48,17,CP3,0.11010904399999999,0.017207727445782313,-0.005659441999999998,0.12714130799999998,5,0.725,0.2,0.392928018
48,18,CP4,0.10988574200000001,0.010114252237082082,0.057135356000000005,0.13168191999999998,5,0.725,0.2,0.392928018
48,2,Fz,0.109116532,0.020513327339042788,-0.10682469800000001,0.123009412,5,0.725,0.2,0.392928018
48,15,T3,0.107674856,0.028101465816347197,0.10298496799999998,0.114263552,5,0.725,0.2,0.392928018
48,13,C3,0.10596085799999999,0.017975054623999617,0.031701652000000004,0.11412371000000002,5,0.725,0.2,0.392928018
48,14,C4,0.10303452800000001,0.04291373591487893,-0.07230796,0.113040866,5,0.725,0.2,0.392928018
48,0,Fp1,0.097520642,0.020636341516888843,-0.082480806,0.11351170000000002,5,0.725,0.2,0.392928018
48,19,TP7,0.092751174,0.014329803171152766,-0.015160532,0.100947008,5,0.725,0.2,0.392928018
48,23,P4,0.091639308,0.018914030208085478,-0.03880041399999999,0.10262592,5,0.725,0.2,0.392928018
48,26,Oz,0.088489494,0.012031400424906075,0.019198191999999996,0.09847336,5,0.725,0.2,0.392928018
48,4,F4,0.086423384,0.014802097440218735,0.02309366,0.0945538,5,0.725,0.2,0.392928018
48,12,Cz,0.08609207199999999,0.014633087514166995,0.075772414,0.111005124,5,0.725,0.2,0.392928018
48,24,T5,0.083428994,0.024861957418060028,0.05610471800000001,0.094887266,5,0.725,0.2,0.392928018
48,3,F3,0.082509406,0.010206352343537336,0.039258686,0.094716404,5,0.725,0.2,0.392928018
48,8,FC3,0.07988313,0.06659371675424078,0.046121303999999995,0.090076484,5,0.725,0.2,0.392928018
48,10,FT7,0.078732286,0.02238721051340988,-0.03893493,0.09505103,5,0.725,0.2,0.392928018
48,20,TP8,0.07856622799999999,0.017447477646087412,-0.029416848000000002,0.094982104,5,0.725,0.2,0.392928018
48,1,Fp2,0.076644068,0.006391860389770723,0.05575203199999999,0.095228808,5,0.725,0.2,0.392928018
48,5,F7,0.07439548,0.013093999036224567,0.063818666,0.089006,5,0.725,0.2,0.392928018
48,11,FT8,0.07337249,0.017153467018686044,-0.004255394,0.086513524,5,0.725,0.2,0.392928018
48,25,T6,0.070833366,0.0158015898472236,-0.046956588,0.083028258,5,0.725,0.2,0.392928018
48,9,FC4,0.064755094,0.02148156122486632,-0.026723091999999997,0.078125336,5,0.725,0.2,0.392928018
48,6,F8,0.061901596,0.014873775762866335,-0.020546349999999998,0.06853511999999999,5,0.725,0.2,0.392928018
49,21,Pz,0.14987872200000002,0.005590386877808187,0.003772308,0.150353506,5,0.825,0.6,0.07739047
49,28,O2,0.137573464,0.009357745946547718,-0.025065103999999998,0.140651196,5,0.825,0.6,0.07739047
49,15,T3,0.127007864,0.010742654590436662,0.127007864,0.133094324,5,0.825,0.6,0.07739047
49,27,O1,0.120688094,0.007450051987310558,0.060661696,0.13170841,5,0.825,0.6,0.07739047
49,16,T4,0.119505534,0.0036066757300081778,0.01108034,0.134502438,5,0.825,0.6,0.07739047
49,17,CP3,0.11679429999999999,0.0061178031395795985,0.03745465,0.134278158,5,0.825,0.6,0.07739047
49,22,P3,0.11505341799999999,0.009440116105608557,0.11505341799999999,0.12492812199999999,5,0.825,0.6,0.07739047
49,0,Fp1,0.11465981600000001,0.007101967190932383,-0.09992036800000001,0.127343674,5,0.825,0.6,0.07739047
49,13,C3,0.114396392,0.0017686286257352088,0.07683965000000001,0.117865292,5,0.825,0.6,0.07739047
49,18,CP4,0.109495618,0.002802019132531048,0.034440338,0.12508316800000002,5,0.825,0.6,0.07739047
49,2,Fz,0.10797299599999999,0.006081171922526937,-0.101615406,0.120983154,5,0.825,0.6,0.07739047
49,24,T5,0.103238388,0.005860231590950141,0.07514678999999999,0.114460878,5,0.825,0.6,0.07739047
49,23,P4,0.102897126,0.006256358569725689,-0.093100296,0.11617635,5,0.825,0.6,0.07739047
49,7,FCz,0.10237185200000001,0.0055571051743169295,0.10237185200000001,0.11576775800000001,5,0.825,0.6,0.07739047
49,10,FT7,0.09461507599999999,0.008730218675315642,-0.056003806,0.10670800200000001,5,0.825,0.6,0.07739047
49,4,F4,0.09211198000000001,0.006411562820307548,0.0036195119999999996,0.10621459,5,0.825,0.6,0.07739047
49,14,C4,0.08898621599999999,0.004925674084034588,-0.08108541999999999,0.10206535800000001,5,0.825,0.6,0.07739047
49,3,F3,0.087237974,0.0031007370246007634,0.022098615999999998,0.097181082,5,0.825,0.6,0.07739047
49,5,F7,0.08493247400000001,0.004341859546154154,0.081542068,0.09773520799999999,5,0.825,0.6,0.07739047
49,20,TP8,0.08489697,0.007335170161785614,-0.054196232,0.10204176000000001,5,0.825,0.6,0.07739047
49,6,F8,0.08331497,0.007257087062193066,-0.031238294,0.084948018,5,0.825,0.6,0.07739047
49,11,FT8,0.0828611,0.006053785110540352,-0.00878564,0.099606046,5,0.825,0.6,0.07739047
49,19,TP7,0.08233320200000001,0.003588459261858775,-0.0164767,0.09144928799999999,5,0.825,0.6,0.07739047
49,12,Cz,0.078413172,0.001907062880208722,0.077732596,0.093381496,5,0.825,0.6,0.07739047
49,25,T6,0.07817963800000001,0.004389032076941337,-0.050918798,0.08808521,5,0.825,0.6,0.07739047
49,1,Fp2,0.07632279,0.0032312564247440937,0.060087878,0.091690934,5,0.825,0.6,0.07739047
49,26,Oz,0.07102835599999999,0.010935813161737447,0.04188938,0.073142232,5,0.825,0.6,0.07739047
49,9,FC4,0.061817186,0.005041953961236654,-0.061817186,0.078423128,5,0.825,0.6,0.07739047
49,8,FC3,0.030084598,0.0014720221763173291,0.004738882,0.038085442000000004,5,0.825,0.6,0.07739047
5,21,Pz,0.135861802,0.036608876441667396,0.018543988,0.142106648,5,0.875,0.6,0.21480087600000003
5,28,O2,0.135337146,0.024327961039205072,-0.032555563999999995,0.139647738,5,0.875,0.6,0.21480087600000003
5,18,CP4,0.125828318,0.03455128877390929,0.065433922,0.14365973199999998,5,0.875,0.6,0.21480087600000003
5,17,CP3,0.11931867,0.0035016868549814697,0.048609618,0.134771642,5,0.875,0.6,0.21480087600000003
5,16,T4,0.11905595799999999,0.009814943681523091,0.01432893,0.12922002,5,0.875,0.6,0.21480087600000003
5,15,T3,0.115561424,0.025531325868088595,0.110721798,0.12298807,5,0.875,0.6,0.21480087600000003
5,27,O1,0.109599788,0.02915541723764333,0.046308132,0.12109936800000001,5,0.875,0.6,0.21480087600000003
5,2,Fz,0.10729735200000001,0.008814079510633541,-0.104080006,0.127519664,5,0.875,0.6,0.21480087600000003
5,0,Fp1,0.105330862,0.005786139371538679,-0.087345008,0.116159012,5,0.875,0.6,0.21480087600000003
5,24,T5,0.104433306,0.0014144563293647487,0.07431406,0.119906208,5,0.875,0.6,0.21480087600000003
5,20,TP8,0.1020923,0.0294046346952585,-0.062251978,0.11697514,5,0.875,0.6,0.21480087600000003
5,23,P4,0.10195626399999999,0.007426283326421097,-0.07375841400000001,0.11258815,5,0.875,0.6,0.21480087600000003
5,7,FCz,0.101395012,0.009865340585910858,0.09459008199999999,0.11954706200000001,5,0.875,0.6,0.21480087600000003
5,13,C3,0.100902724,0.03195947263002363,0.049863597999999995,0.106561456,5,0.875,0.6,0.21480087600000003
5,22,P3,0.096283352,0.02383160602479761,0.077161538,0.104611826,5,0.875,0.6,0.21480087600000003
5,10,FT7,0.091303598,0.0030996528708824786,-0.059241856,0.10434999,5,0.875,0.6,0.21480087600000003
5,4,F4,0.089533898,0.017251500221259597,0.021432899999999998,0.10121284,5,0.875,0.6,0.21480087600000003
5,19,TP7,0.089172028,0.010835651723153063,-0.01800901,0.098994266,5,0.875,0.6,0.21480087600000003
5,14,C4,0.08902992800000001,0.006482768352676966,-0.076156972,0.10311408799999999,5,0.875,0.6,0.21480087600000003
5,25,T6,0.08773161,0.014579507815397953,-0.04706446399999999,0.099907784,5,0.875,0.6,0.21480087600000003
5,6,F8,0.082585894,0.00863589432015179,-0.036274087999999996,0.088140834,5,0.875,0.6,0.21480087600000003
5,12,Cz,0.08193887,0.010344358387993427,0.072745828,0.096237002,5,0.875,0.6,0.21480087600000003
5,5,F7,0.079575936,0.006844745804040493,0.05584891999999999,0.09688427000000001,5,0.875,0.6,0.21480087600000003
5,3,F3,0.079468836,0.018088608496990035,0.020320376,0.085402194,5,0.875,0.6,0.21480087600000003
5,11,FT8,0.074622666,0.00918551473865401,0.0009592360000000002,0.092216824,5,0.875,0.6,0.21480087600000003
5,26,Oz,0.074279262,0.009747342626701905,0.035992042,0.077392658,5,0.875,0.6,0.21480087600000003
5,1,Fp2,0.071206486,0.012469485633220005,0.057713586000000004,0.09059656,5,0.875,0.6,0.21480087600000003
5,9,FC4,0.070603664,0.027481402551977403,-0.038162114000000004,0.087741608,5,0.875,0.6,0.21480087600000003
5,8,FC3,0.035826408,0.011668402301179454,0.010092767999999998,0.041902538,5,0.875,0.6,0.21480087600000003
50,28,O2,0.17348751,0.03119966988158127,0.051673466,0.1957085,5,0.725,0.2,0.691153642
50,17,CP3,0.146365778,0.021105388414164986,0.016997404,0.16935702400000002,5,0.725,0.2,0.691153642
50,21,Pz,0.134231918,0.02135411626679199,0.03852171,0.148452394,5,0.725,0.2,0.691153642
50,22,P3,0.133933838,0.021654525447535673,0.10963033,0.158416526,5,0.725,0.2,0.691153642
50,18,CP4,0.119391634,0.021460197935736284,0.046301066,0.13933607,5,0.725,0.2,0.691153642
50,4,F4,0.11921613199999999,0.01655003307943129,0.091931264,0.127960056,5,0.725,0.2,0.691153642
50,26,Oz,0.11804966399999998,0.029156058158043757,0.10284668400000001,0.129251694,5,0.725,0.2,0.691153642
50,16,T4,0.107783924,0.049944864010024397,-0.027444654000000002,0.12445352800000001,5,0.725,0.2,0.691153642
50,15,T3,0.102962018,0.0356377463237565,0.049491721999999995,0.114821244,5,0.725,0.2,0.691153642
50,7,FCz,0.10147145399999999,0.02790480915368227,0.092578344,0.11187412000000001,5,0.725,0.2,0.691153642
50,24,T5,0.09902338200000001,0.00665109697665505,0.032589284,0.113426854,5,0.725,0.2,0.691153642
50,2,Fz,0.09611507799999999,0.022417401035266557,-0.094168316,0.11669238600000001,5,0.725,0.2,0.691153642
50,6,F8,0.09501802200000001,0.03303637528775319,-0.022429869999999998,0.104033938,5,0.725,0.2,0.691153642
50,11,FT8,0.09488255799999999,0.027130284394098602,-0.044163068,0.10257924,5,0.725,0.2,0.691153642
50,23,P4,0.08860824,0.03340394509964804,-0.08129293200000001,0.10399283000000001,5,0.725,0.2,0.691153642
50,10,FT7,0.08839630200000001,0.027134371471293006,0.02809064,0.10415561800000002,5,0.725,0.2,0.691153642
50,27,O1,0.085995736,0.024799998904149776,0.009984584000000001,0.093451564,5,0.725,0.2,0.691153642
50,13,C3,0.082992982,0.026363146665502966,-0.023156806000000002,0.09343502000000001,5,0.725,0.2,0.691153642
50,20,TP8,0.082054342,0.024685330715588358,-0.004183703999999999,0.095863864,5,0.725,0.2,0.691153642
50,3,F3,0.081834216,0.02306570337234549,0.040241274,0.087640268,5,0.725,0.2,0.691153642
50,14,C4,0.079363482,0.02159154599645357,-0.055978551999999994,0.088937868,5,0.725,0.2,0.691153642
50,25,T6,0.074263362,0.013660489907044696,-0.056836054000000004,0.082460722,5,0.725,0.2,0.691153642
50,5,F7,0.071577814,0.012511349934712476,0.030583408,0.07978276200000001,5,0.725,0.2,0.691153642
50,19,TP7,0.071043446,0.012713767131776089,-0.024175408,0.07966734,5,0.725,0.2,0.691153642
50,1,Fp2,0.06516253600000001,0.018111897953943978,0.057183036,0.078795638,5,0.725,0.2,0.691153642
50,9,FC4,0.064096192,0.007477579335775714,-0.0030498200000000013,0.07330318599999999,5,0.725,0.2,0.691153642
50,12,Cz,0.062523148,0.017875424296896283,0.033294376,0.07102477,5,0.725,0.2,0.691153642
50,0,Fp1,0.051295705999999996,0.03360101162869549,-0.037621562,0.060941122,5,0.725,0.2,0.691153642
50,8,FC3,0.047519194,0.016335558220207234,0.013875876,0.056380454,5,0.725,0.2,0.691153642
6,21,Pz,0.149531322,0.008233392798085727,-0.00317978,0.152247902,5,0.825,0.2,0.1701792
6,28,O2,0.137492664,0.00972194161877039,-0.018733628,0.140022022,5,0.825,0.2,0.1701792
6,15,T3,0.13676138200000001,0.018626249038057013,0.13676138200000001,0.142167376,5,0.825,0.2,0.1701792
6,27,O1,0.12709657000000002,0.010648531648203894,0.067518524,0.13755266800000002,5,0.825,0.2,0.1701792
6,17,CP3,0.124883436,0.007296349547337348,0.030726892,0.140385926,5,0.825,0.2,0.1701792
6,16,T4,0.123505618,0.009006816086571326,0.012251348,0.13995796600000002,5,0.825,0.2,0.1701792
6,0,Fp1,0.117059472,0.0123442320169207,-0.096985544,0.128748786,5,0.825,0.2,0.1701792
6,13,C3,0.115497786,0.008197331916973345,0.072935264,0.11834113399999999,5,0.825,0.2,0.1701792
6,2,Fz,0.11200695199999999,0.009536608978820513,-0.10855334000000001,0.127657318,5,0.825,0.2,0.1701792
6,18,CP4,0.106601066,0.004622322076405968,0.04006704,0.121538612,5,0.825,0.2,0.1701792
6,23,P4,0.10627658799999999,0.007001695671204933,-0.091325842,0.11711222399999999,5,0.825,0.2,0.1701792
6,22,P3,0.103873226,0.007818197838110138,0.103873226,0.116935278,5,0.825,0.2,0.1701792
6,4,F4,0.090566156,0.008631144372945574,0.01623797,0.09974666,5,0.825,0.2,0.1701792
6,24,T5,0.08975923599999999,0.014388344957900125,0.071696338,0.10142552,5,0.825,0.2,0.1701792
6,3,F3,0.089730462,0.003016898042446916,0.026998166,0.098720062,5,0.825,0.2,0.1701792
6,7,FCz,0.089538652,0.01154213534696332,0.086873996,0.10334902800000001,5,0.825,0.2,0.1701792
6,14,C4,0.088447998,0.006796478197410038,-0.07228842399999999,0.097423278,5,0.825,0.2,0.1701792
6,10,FT7,0.086752516,0.007044605907882994,-0.051156906,0.095948756,5,0.825,0.2,0.1701792
6,11,FT8,0.086733486,0.009607757226706452,-0.01007774,0.10435398,5,0.825,0.2,0.1701792
6,25,T6,0.084381132,0.016799716696884206,-0.07495258,0.10145663600000002,5,0.825,0.2,0.1701792
6,26,Oz,0.083343264,0.009096183029720765,0.047691166,0.086568508,5,0.825,0.2,0.1701792
6,19,TP7,0.081316642,0.00608458452608886,-0.008736436,0.091159818,5,0.825,0.2,0.1701792
6,20,TP8,0.080529536,0.019053045948805136,-0.054880543999999996,0.09813290399999999,5,0.825,0.2,0.1701792
6,5,F7,0.07732676000000001,0.007283424778464454,0.075217574,0.091503962,5,0.825,0.2,0.1701792
6,12,Cz,0.076244918,0.011152715211914544,0.06444593400000001,0.088738888,5,0.825,0.2,0.1701792
6,1,Fp2,0.07569079599999999,0.010247910459668351,0.060975214,0.099834846,5,0.825,0.2,0.1701792
6,6,F8,0.070757046,0.009692834373313098,-0.012141056,0.07459647,5,0.825,0.2,0.1701792
6,9,FC4,0.062062941999999996,0.0054768848520824285,-0.052225486,0.08192205999999999,5,0.825,0.2,0.1701792
6,8,FC3,0.037681522,0.014709789778347276,0.00013281799999999983,0.044367116,5,0.825,0.2,0.1701792
7,17,CP3,0.16529028799999998,0.07481173920586608,0.043609618,0.18704523,5,0.625,0.0,0.745454438
7,18,CP4,0.155183558,0.031936771088685055,0.10860056199999998,0.170666576,5,0.625,0.0,0.745454438
7,21,Pz,0.12906271600000002,0.03592586210030081,-0.010776676,0.136398194,5,0.625,0.0,0.745454438
7,28,O2,0.12202719800000002,0.026739280096449308,-0.06177741800000001,0.151927238,5,0.625,0.0,0.745454438
7,10,FT7,0.118752522,0.04443236063045121,-0.05604495,0.13161158,5,0.625,0.0,0.745454438
7,2,Fz,0.116586416,0.02015994983007348,-0.10378822800000001,0.12942808,5,0.625,0.0,0.745454438
7,13,C3,0.11292740000000001,0.01739291101966545,0.047804532,0.12589968199999998,5,0.625,0.0,0.745454438
7,22,P3,0.106408468,0.015088463999889782,0.09862310199999999,0.12443586,5,0.625,0.0,0.745454438
7,4,F4,0.096592696,0.027774342437092547,0.06504728200000001,0.108206268,5,0.625,0.0,0.745454438
7,12,Cz,0.09239061400000001,0.015887357156110962,-0.021320874,0.11226948399999999,5,0.625,0.0,0.745454438
7,6,F8,0.090550542,0.03791675989648008,-0.032381676,0.103121032,5,0.625,0.0,0.745454438
7,20,TP8,0.088785406,0.014482028156383345,0.008507770000000001,0.102011152,5,0.625,0.0,0.745454438
7,3,F3,0.086486382,0.01926728130145818,0.028539926,0.10326634999999999,5,0.625,0.0,0.745454438
7,23,P4,0.086339522,0.016118570393469152,-0.06605941400000001,0.103546422,5,0.625,0.0,0.745454438
7,24,T5,0.085552436,0.014650431136435202,-0.003266791999999999,0.100085234,5,0.625,0.0,0.745454438
7,15,T3,0.083861162,0.027369724092508128,0.05891033999999999,0.09772124200000001,5,0.625,0.0,0.745454438
7,5,F7,0.081751698,0.028682799522509475,0.079684744,0.09881725999999999,5,0.625,0.0,0.745454438
7,14,C4,0.080833216,0.0478094231977947,-0.046379522,0.08894221399999999,5,0.625,0.0,0.745454438
7,27,O1,0.079846416,0.029156076737110567,0.036093696,0.088323962,5,0.625,0.0,0.745454438
7,9,FC4,0.079044162,0.027410925297223554,-0.007718822,0.088430862,5,0.625,0.0,0.745454438
7,11,FT8,0.0761965,0.022919205436241676,-0.0042985820000000004,0.090024862,5,0.625,0.0,0.745454438
7,25,T6,0.07429454199999999,0.033011759444214264,-0.003165607999999999,0.09259576,5,0.625,0.0,0.745454438
7,1,Fp2,0.07040318,0.015340009833577355,0.03984742,0.07858321,5,0.625,0.0,0.745454438
7,26,Oz,0.069307394,0.013736179743479621,0.028597234,0.077235108,5,0.625,0.0,0.745454438
7,7,FCz,0.068799302,0.041085559006646365,0.065428344,0.084550972,5,0.625,0.0,0.745454438
7,0,Fp1,0.067722718,0.02814615933431984,-0.032623554,0.071568668,5,0.625,0.0,0.745454438
7,16,T4,0.064107534,0.02490442388358502,0.0011026079999999993,0.07021653400000001,5,0.625,0.0,0.745454438
7,8,FC3,0.063298412,0.018296225958375132,-0.027444592,0.070211068,5,0.625,0.0,0.745454438
7,19,TP7,0.050656216,0.013001681935781622,-0.017198192,0.059557338,5,0.625,0.0,0.745454438
8,13,C3,0.166947406,0.048600614915667785,0.078560476,0.174625052,5,0.6,0.0,0.591422264
8,17,CP3,0.137476654,0.02754720507201012,0.030674412,0.16360513000000002,5,0.6,0.0,0.591422264
8,28,O2,0.128626084,0.04759048876046011,0.000288018,0.13203642399999999,5,0.6,0.0,0.591422264
8,18,CP4,0.121928606,0.00979935816710105,0.018481924000000004,0.141793692,5,0.6,0.0,0.591422264
8,21,Pz,0.11861494000000002,0.02361752543506093,0.012450568,0.12358788600000001,5,0.6,0.0,0.591422264
8,2,Fz,0.11202562600000002,0.0228217266361439,-0.10003833,0.129263022,5,0.6,0.0,0.591422264
8,7,FCz,0.103346618,0.016320872946571207,0.086189564,0.13115537800000002,5,0.6,0.0,0.591422264
8,5,F7,0.10253484199999999,0.020632942773760363,0.087424286,0.116654082,5,0.6,0.0,0.591422264
8,24,T5,0.099743266,0.014180881440035032,0.09208734,0.11880178,5,0.6,0.0,0.591422264
8,0,Fp1,0.098773094,0.012280798047052155,-0.079812426,0.11138527599999999,5,0.6,0.0,0.591422264
8,27,O1,0.09822022,0.011683149540263107,0.046456713999999996,0.11589434000000001,5,0.6,0.0,0.591422264
8,22,P3,0.09743839400000001,0.05685095990137484,0.071830216,0.11263676600000001,5,0.6,0.0,0.591422264
8,19,TP7,0.096369518,0.016165470964129687,-0.08413815399999999,0.113401138,5,0.6,0.0,0.591422264
8,16,T4,0.093609444,0.023778301431655713,0.0027656539999999998,0.10783102,5,0.6,0.0,0.591422264
8,26,Oz,0.092610742,0.02117252884237898,0.056445018,0.10532265999999998,5,0.6,0.0,0.591422264
8,15,T3,0.090524878,0.024263142091011623,0.07187384999999999,0.105667282,5,0.6,0.0,0.591422264
8,25,T6,0.087728792,0.012801530491916579,-0.024846663999999997,0.09734741799999999,5,0.6,0.0,0.591422264
8,12,Cz,0.08355691,0.012498969232322722,0.075862404,0.10055056200000001,5,0.6,0.0,0.591422264
8,4,F4,0.083260842,0.01392535573434553,0.018669348,0.10579783599999999,5,0.6,0.0,0.591422264
8,11,FT8,0.08258694,0.0188695627673179,-0.03529448,0.09773058,5,0.6,0.0,0.591422264
8,1,Fp2,0.082536252,0.0172516193615127,0.04705549,0.105026158,5,0.6,0.0,0.591422264
8,6,F8,0.081111452,0.027873577759844,-0.017206588000000002,0.09107056599999999,5,0.6,0.0,0.591422264
8,14,C4,0.079009328,0.04797223778588111,-0.021583374000000002,0.08649367999999999,5,0.6,0.0,0.591422264
8,3,F3,0.07886391200000001,0.009661952247023884,-0.011457776,0.09201582999999999,5,0.6,0.0,0.591422264
8,20,TP8,0.07657546200000001,0.029861562595757948,-0.020328734,0.094458038,5,0.6,0.0,0.591422264
8,10,FT7,0.07519870399999999,0.02971112088677033,-0.030268912,0.083348772,5,0.6,0.0,0.591422264
8,23,P4,0.069799512,0.035532993117548796,-0.006388698000000001,0.076504138,5,0.6,0.0,0.591422264
8,9,FC4,0.051745208,0.016565528643575488,-0.016316518000000002,0.06377822,5,0.6,0.0,0.591422264
8,8,FC3,0.048045552,0.01551599499670485,-0.008624804000000002,0.054745166,5,0.6,0.0,0.591422264
9,28,O2,0.14987973000000002,0.008348676338926428,-0.025549308,0.15265282,5,0.825,0.4,0.245821706
9,15,T3,0.138175194,0.015391334509482282,0.12303926999999999,0.1446056,5,0.825,0.4,0.245821706
9,21,Pz,0.135459476,0.031060672678715925,0.010808878000000001,0.13880476800000002,5,0.825,0.4,0.245821706
9,13,C3,0.12287419399999999,0.02217674581522907,0.06927781200000001,0.12756462799999999,5,0.825,0.4,0.245821706
9,27,O1,0.119313662,0.010291472298719951,0.028188483999999996,0.132243314,5,0.825,0.4,0.245821706
9,16,T4,0.11913571999999999,0.003486141951749813,0.0030816159999999997,0.139442948,5,0.825,0.4,0.245821706
9,17,CP3,0.11802985800000002,0.014533330779581128,0.024834682,0.133951246,5,0.825,0.4,0.245821706
9,2,Fz,0.10883076,0.018581078921265575,-0.09959917,0.122695048,5,0.825,0.4,0.245821706
9,18,CP4,0.107691216,0.005733177563614276,0.03865401,0.131155916,5,0.825,0.4,0.245821706
9,20,TP8,0.09915209,0.010239034138184128,-0.058143626000000004,0.11766706599999999,5,0.825,0.4,0.245821706
9,22,P3,0.095237894,0.013412267906766544,0.085749038,0.10800038599999999,5,0.825,0.4,0.245821706
9,0,Fp1,0.093534466,0.016203626478050525,-0.070408748,0.103101474,5,0.825,0.4,0.245821706
9,4,F4,0.09215026600000001,0.00859461361288744,0.024644208,0.09992820399999999,5,0.825,0.4,0.245821706
9,23,P4,0.09202269599999999,0.029544681864534097,-0.076267398,0.10400826199999999,5,0.825,0.4,0.245821706
9,14,C4,0.091645322,0.006458078100562898,-0.08738433999999999,0.10583234,5,0.825,0.4,0.245821706
9,24,T5,0.091473414,0.012997490662586765,0.063532072,0.10564048200000001,5,0.825,0.4,0.245821706
9,5,F7,0.089102876,0.005769136448631629,0.074434606,0.10148099,5,0.825,0.4,0.245821706
9,3,F3,0.08863776999999999,0.008416380183918139,0.045487386000000005,0.101509526,5,0.825,0.4,0.245821706
9,1,Fp2,0.087014864,0.011340032755037789,0.073516048,0.10249473,5,0.825,0.4,0.245821706
9,7,FCz,0.086012638,0.02599871300982839,0.075434406,0.099845458,5,0.825,0.4,0.245821706
9,19,TP7,0.08565165599999999,0.01101152438245859,-0.025499507999999997,0.09638971599999999,5,0.825,0.4,0.245821706
9,12,Cz,0.085596514,0.028745777514482533,0.047185477999999996,0.098955788,5,0.825,0.4,0.245821706
9,10,FT7,0.08394371,0.007813923865853183,-0.04714042,0.09787182800000001,5,0.825,0.4,0.245821706
9,11,FT8,0.07940345,0.0011006956221181203,-0.0020914139999999993,0.094971848,5,0.825,0.4,0.245821706
9,25,T6,0.075143928,0.00941254295595882,-0.056520476,0.087752888,5,0.825,0.4,0.245821706
9,26,Oz,0.06818421399999999,0.01124380197422251,0.039600624,0.072812462,5,0.825,0.4,0.245821706
9,9,FC4,0.066500062,0.011694503501631445,-0.05394481799999999,0.084908554,5,0.825,0.4,0.245821706
9,6,F8,0.065442868,0.015037042418413601,-0.027627608000000005,0.069156356,5,0.825,0.4,0.245821706
9,8,FC3,0.043599542000000005,0.022878126411069375,-0.0011040099999999997,0.050860126000000005,5,0.825,0.4,0.245821706
